TIME,         J,      Q,     J_in,    Q_in,    <------------------C along depth X--------------------------------------->
0.0000000 0.0000 0.0000 0.0000 0.0000 0.0000 0.0000 0.0000 0.0000 0.0000 
0.0060000 0.0000 0.0000 193.0781 845.0789 210720.6725 2842.1816 0.0227 0.0000 0.0000 
0.0120000 0.0000 0.0000 69.6670 845.7642 149941.4771 16092.7115 18.8810 0.0006 0.0000 
0.0180000 0.0000 0.0000 38.1712 846.0719 122678.8453 27462.3456 257.4779 0.1446 0.0000 
0.0240000 0.0000 0.0000 24.8732 846.2562 106351.6303 34551.5549 990.0090 2.9761 0.0012 
0.0300000 0.0000 0.0000 17.8322 846.3823 95181.9354 38704.0502 2214.1659 19.6040 0.0307 
0.0360000 0.0006 0.0000 13.5828 846.4756 86924.1503 41062.1661 3752.0318 70.2362 0.2931 
0.0420000 0.0062 0.0000 10.7886 846.5482 80499.4621 42328.1692 5420.3617 175.4216 1.5180 
0.0480000 0.0352 0.0001 8.8364 846.6067 75316.7106 42918.1238 7088.9137 348.0640 5.2834 
0.0540000 0.1369 0.0006 7.4093 846.6552 71021.2642 43081.9787 8680.0430 591.3435 14.0130 
0.0600000 0.4061 0.0021 6.3288 846.6963 67385.7813 42973.6525 10153.8221 900.6551 30.6264 
0.0660000 0.9867 0.0061 5.4876 846.7316 64256.9132 42690.3512 11494.1203 1266.6883 58.0505 
0.0720000 2.0606 0.0149 4.8176 846.7625 61526.9669 42294.8722 12698.7265 1678.0979 98.7963 
0.0780000 3.8263 0.0322 4.2736 846.7897 59117.7948 41828.5724 13773.0316 2123.3332 154.6977 
0.0840000 6.4757 0.0626 3.8247 846.8139 56971.1287 41319.1167 14726.1964 2591.6966 226.8145 
0.0900000 10.1729 0.1121 3.4493 846.8357 55042.5171 40785.2333 15568.9102 3073.8491 315.4580 
0.0960000 15.0412 0.1871 3.1316 846.8554 53297.3799 40239.7046 16312.1258 3561.9660 420.2899 
0.1020000 21.1558 0.2951 2.8598 846.8734 51708.3573 39691.2914 16966.3790 4049.6943 540.4539 
0.1080000 28.5440 0.4436 2.6251 846.8898 50253.4806 39145.9951 17541.4534 4532.0108 674.7120 
0.1140000 37.1889 0.6402 2.4209 846.9049 48914.8790 38607.9014 18046.2431 5005.0419 821.5701 
0.1200000 47.0363 0.8924 2.2418 846.9189 47677.8465 38079.7530 18488.7275 5465.8780 979.3850 
0.1260000 58.0024 1.2070 2.0838 846.9319 46530.1557 37563.3440 18876.0056 5912.4006 1146.4515 
0.1320000 69.9817 1.5906 1.9435 846.9440 45461.5456 37059.7944 19214.3603 6343.1295 1321.0691 
0.1380000 82.8546 2.0488 1.8183 846.9552 44463.3328 36569.7444 19509.3347 6757.0928 1501.5908 
0.1440000 96.4935 2.5865 1.7060 846.9658 43528.1124 36093.4917 19765.8104 7153.7184 1686.4584 
0.1500000 110.7685 3.2081 1.6047 846.9757 42649.5264 35631.0910 19988.0835 7532.7443 1874.2242 
0.1560000 125.5512 3.9170 1.5131 846.9851 41822.0800 35182.4246 20179.9337 7894.1475 2063.5649 
0.1620000 140.7180 4.7157 1.4299 846.9939 41040.9969 34747.2550 20344.6883 8238.0854 2253.2868 
0.1680000 156.1524 5.6063 1.3541 847.0023 40302.1030 34325.2620 20485.2778 8564.8505 2442.3272 
0.1740000 171.7464 6.5900 1.2847 847.0102 39601.7317 33916.0709 20604.2858 8874.8338 2629.7508 
0.1800000 187.4014 7.6676 1.2211 847.0177 38936.6474 33519.2721 20703.9925 9168.4964 2814.7442 
0.1860000 203.0287 8.8390 1.1625 847.0248 38303.9825 33134.4362 20786.4125 9446.3475 2996.6082 
0.1920000 218.5492 10.1039 1.1085 847.0316 37701.1847 32761.1248 20853.3282 9708.9271 3174.7497 
0.1980000 233.8935 11.4614 1.0586 847.0381 37125.9745 32398.8978 20906.3186 9956.7929 3348.6728 
0.2040000 249.0016 12.9103 1.0122 847.0443 36576.3079 32047.3194 20946.7841 10190.5101 3517.9692 
0.2100000 263.8217 14.4490 0.9692 847.0503 36050.3463 31705.9620 20975.9687 10410.6439 3682.3102 
0.2160000 278.3104 16.0757 0.9292 847.0560 35546.4307 31374.4087 20994.9787 10617.7538 3841.4377 
0.2220000 292.4314 17.7882 0.8918 847.0614 35063.0592 31052.2554 21004.7996 10812.3894 3995.1563 
0.2280000 306.1550 19.5842 0.8569 847.0667 34598.8685 30739.1116 21006.3103 10995.0873 4143.3257 
0.2340000 319.4577 21.4614 0.8242 847.0717 34152.6178 30434.6014 21000.2957 11166.3692 4285.8542 
0.2400000 332.3213 23.4170 0.7936 847.0766 33723.1744 30138.3638 20987.4580 11326.7403 4422.6921 
0.2460000 344.7322 25.4485 0.7648 847.0813 33309.5024 29850.0524 20968.4260 11476.6882 4553.8261 
0.2520000 356.6812 27.5530 0.7377 847.0858 32910.6515 29569.3355 20943.7639 11616.6831 4679.2741 
0.2580000 368.1625 29.7278 0.7122 847.0901 32525.7486 29295.8958 20913.9783 11747.1769 4799.0806 
0.2640000 379.1738 31.9701 0.6882 847.0943 32153.9892 29029.4300 20879.5252 11868.6036 4913.3127 
0.2700000 389.7153 34.2771 0.6655 847.0984 31794.6309 28769.6481 20840.8152 11981.3796 5022.0564 
0.2760000 399.7897 36.6459 0.6441 847.1023 31446.9870 28516.2734 20798.2191 12085.9039 5125.4132 
0.2820000 409.4016 39.0738 0.6238 847.1061 31110.4212 28269.0417 20752.0717 12182.5585 5223.4974 
0.2880000 418.5574 41.5579 0.6045 847.1098 30784.3430 28027.7006 20702.6763 12271.7090 5316.4336 
0.2940000 427.2647 44.0957 0.5863 847.1134 30468.2031 27792.0093 20650.3077 12353.7052 5404.3546 
0.3000000 435.5326 46.6843 0.5690 847.1168 30161.4900 27561.7380 20595.2154 12428.8815 5487.3992 
0.3060000 443.3709 49.3213 0.5526 847.1202 29863.7265 27336.6675 20537.6264 12497.5576 5565.7109 
0.3120000 450.7901 52.0040 0.5370 847.1235 29574.4668 27116.5883 20477.7475 12560.0391 5639.4361 
0.3180000 457.8016 54.7301 0.5221 847.1266 29293.2938 26901.3008 20415.7672 12616.6177 5708.7234 
0.3240000 464.4169 57.4970 0.5080 847.1297 29019.8166 26690.6141 20351.8579 12667.5725 5773.7218 
0.3300000 470.6479 60.3024 0.4945 847.1327 28753.6686 26484.3463 20286.1773 12713.1698 5834.5806 
0.3360000 476.5069 63.1441 0.4817 847.1357 28494.5056 26282.3235 20218.8701 12753.6641 5891.4480 
0.3420000 482.0061 66.0198 0.4694 847.1385 28242.0037 26084.3799 20150.0691 12789.2985 5944.4708 
0.3480000 487.1578 68.9275 0.4577 847.1413 27995.8581 25890.3569 20079.8962 12820.3050 5993.7939 
0.3540000 491.9743 71.8651 0.4466 847.1440 27755.7815 25700.1032 20008.4641 12846.9054 6039.5596 
0.3600000 496.4677 74.8306 0.4359 847.1467 27521.5030 25513.4743 19935.8764 12869.3112 6081.9074 
0.3660000 500.6500 77.8221 0.4257 847.1492 27292.7668 25330.3321 19862.2290 12887.7248 6120.9737 
0.3720000 504.5332 80.8378 0.4159 847.1518 27069.3310 25150.5448 19787.6105 12902.3391 6156.8917 
0.3780000 508.1288 83.8760 0.4066 847.1542 26850.9671 24973.9863 19712.1031 12913.3384 6189.7908 
0.3840000 511.4482 86.9349 0.3976 847.1566 26637.4586 24800.5362 19635.7830 12920.8988 6219.7971 
0.3900000 514.5025 90.0129 0.3891 847.1590 26428.6004 24630.0794 19558.7210 12925.1883 6247.0327 
0.3960000 517.3025 93.1084 0.3809 847.1613 26224.1983 24462.5059 19480.9829 12926.3675 6271.6160 
0.4020000 519.8588 96.2201 0.3730 847.1636 26024.0679 24297.7107 19402.6300 12924.5896 6293.6616 
0.4080000 522.1817 99.3463 0.3654 847.1658 25828.0342 24135.5932 19323.7196 12920.0009 6313.2803 
0.4140000 524.2810 102.4858 0.3582 847.1680 25635.9312 23976.0573 19244.3051 12912.7412 6330.5789 
0.4200000 526.1663 105.6373 0.3512 847.1701 25447.6009 23819.0112 19164.4363 12902.9439 6345.6607 
0.4260000 527.8470 108.7994 0.3445 847.1722 25262.8934 23664.3670 19084.1599 12890.7364 6358.6251 
0.4320000 529.3320 111.9711 0.3381 847.1742 25081.6660 23512.0407 19003.5197 12876.2403 6369.5679 
0.4380000 530.6300 115.1511 0.3319 847.1762 24903.7827 23361.9520 18922.5565 12859.5717 6378.5812 
0.4440000 531.7494 118.3383 0.3260 847.1782 24729.1144 23214.0239 18841.3089 12840.8416 6385.7537 
0.4500000 532.6981 121.5317 0.3203 847.1801 24557.5380 23068.1829 18759.8129 12820.1558 6391.1706 
0.4560000 533.4840 124.7303 0.3148 847.1820 24388.9361 22924.3588 18678.1024 12797.6154 6394.9138 
0.4620000 534.1145 127.9332 0.3095 847.1839 24223.1971 22782.4841 18596.2094 12773.3168 6397.0618 
0.4680000 534.5968 131.1394 0.3044 847.1858 24060.2144 22642.4945 18514.1637 12747.3523 6397.6902 
0.4740000 534.9378 134.3481 0.2995 847.1876 23899.8864 22504.3284 18431.9937 12719.8099 6396.8714 
0.4800000 535.1441 137.5584 0.2948 847.1894 23742.1162 22367.9267 18349.7258 12690.7733 6394.6747 
0.4860000 535.2220 140.7696 0.2902 847.1911 23586.8114 22233.2330 18267.3853 12660.3229 6391.1667 
0.4920000 535.1777 143.9808 0.2858 847.1928 23433.8836 22100.1932 18184.9957 12628.5352 6386.4112 
0.4980000 535.0170 147.1915 0.2816 847.1945 23283.2488 21968.7556 18102.5793 12595.4831 6380.4693 
0.5040000 534.7456 150.4008 0.2775 847.1962 23134.8263 21838.8707 18020.1572 12561.2365 6373.3996 
0.5100000 534.3687 153.6082 0.2735 847.1979 22988.5394 21710.4908 17937.7491 12525.8619 6365.2580 
0.5160000 533.8915 156.8130 0.2697 847.1995 22844.3148 21583.5708 17855.3739 12489.4228 6356.0983 
0.5220000 533.3191 160.0147 0.2660 847.2011 22702.0822 21458.0669 17773.0492 12451.9798 6345.9719 
0.5280000 532.6560 163.2127 0.2625 847.2027 22561.7748 21333.9375 17690.7917 12413.5908 6334.9278 
0.5340000 531.9069 166.4064 0.2590 847.2043 22423.3283 21211.1428 17608.6172 12374.3111 6323.0131 
0.5400000 531.0760 169.5954 0.2557 847.2058 22286.6816 21089.6443 17526.5407 12334.1933 6310.2727 
0.5460000 530.1676 172.7792 0.2525 847.2073 22151.7762 20969.4055 17444.5761 12293.2878 6296.7498 
0.5520000 529.1855 175.9572 0.2493 847.2088 22018.5560 20850.3912 17362.7369 12251.6424 6282.4853 
0.5580000 528.1336 179.1292 0.2463 847.2103 21886.9675 20732.5678 17281.0355 12209.3031 6267.5187 
0.5640000 527.0156 182.2947 0.2434 847.2118 21756.9594 20615.9029 17199.4839 12166.3135 6251.8874 
0.5700000 525.8348 185.4533 0.2405 847.2132 21628.4826 20500.3656 17118.0932 12122.7152 6235.6276 
0.5760000 524.5946 188.6046 0.2378 847.2147 21501.4904 20385.9262 17036.8740 12078.5481 6218.7735 
0.5820000 523.2981 191.7483 0.2351 847.2161 21375.9377 20272.5563 16955.8363 12033.8500 6201.3578 
0.5880000 521.9485 194.8840 0.2325 847.2175 21251.7816 20160.2286 16874.9896 11988.6572 6183.4120 
0.5940000 520.5486 198.0115 0.2300 847.2189 21128.9808 20048.9169 16794.3428 11943.0042 6164.9661 
0.6000000 519.1011 201.1305 0.2276 847.2203 21007.4961 19938.5960 16713.9042 11896.9238 6146.0485 
0.6060000 517.6088 204.2407 0.2252 847.2216 20887.2895 19829.2419 16633.6817 11850.4474 6126.6867 
0.6120000 516.0741 207.3417 0.2229 847.2230 20768.3251 19720.8315 16553.6829 11803.6050 6106.9068 
0.6180000 514.4995 210.4334 0.2206 847.2243 20650.5680 19613.3425 16473.9147 11756.4252 6086.7336 
0.6240000 512.8872 213.5156 0.2185 847.2256 20533.9852 19506.7537 16394.3837 11708.9350 6066.1910 
0.6300000 511.2396 216.5880 0.2163 847.2269 20418.5449 19401.0445 16315.0962 11661.1604 6045.3016 
0.6360000 509.5586 219.6504 0.2143 847.2282 20304.2164 19296.1953 16236.0580 11613.1262 6024.0872 
0.6420000 507.8463 222.7026 0.2123 847.2295 20190.9707 19192.1873 16157.2747 11564.8559 6002.5684 
0.6480000 506.1046 225.7445 0.2103 847.2308 20078.7796 19089.0023 16078.7513 11516.3720 5980.7651 
0.6540000 504.3353 228.7758 0.2084 847.2320 19967.6164 18986.6229 16000.4927 11467.6958 5958.6960 
0.6600000 502.5403 231.7964 0.2065 847.2333 19857.4552 18885.0323 15922.5035 11418.8478 5936.3792 
0.6660000 500.7210 234.8062 0.2047 847.2345 19748.2714 18784.2144 15844.7879 11369.8473 5913.8318 
0.6720000 498.8793 237.8050 0.2029 847.2357 19640.0412 18684.1538 15767.3499 11320.7128 5891.0702 
0.6780000 497.0165 240.7927 0.2012 847.2369 19532.7418 18584.8356 15690.1932 11271.4620 5868.1100 
0.6840000 495.1341 243.7691 0.1995 847.2381 19426.3515 18486.2455 15613.3212 11222.1115 5844.9661 
0.6900000 493.2335 246.7342 0.1979 847.2393 19320.8492 18388.3696 15536.7372 11172.6775 5821.6527 
0.6960000 491.3161 249.6879 0.1962 847.2405 19216.2148 18291.1948 15460.4442 11123.1751 5798.1834 
0.7020000 489.3830 252.6300 0.1947 847.2417 19112.4290 18194.7082 15384.4449 11073.6187 5774.5711 
0.7080000 487.4355 255.5604 0.1931 847.2428 19009.4733 18098.8976 15308.7420 11024.0221 5750.8281 
0.7140000 485.4747 258.4792 0.1916 847.2440 18907.3297 18003.7512 15233.3378 10974.3984 5726.9662 
0.7200000 483.5018 261.3861 0.1901 847.2451 18805.9812 17909.2575 15158.2345 10924.7600 5702.9966 
0.7260000 481.5177 264.2811 0.1887 847.2463 18705.4113 17815.4056 15083.4341 10875.1189 5678.9298 
0.7320000 479.5234 267.1643 0.1873 847.2474 18605.6042 17722.1849 15008.9385 10825.4862 5654.7762 
0.7380000 477.5199 270.0354 0.1859 847.2485 18506.5446 17629.5851 14934.7493 10775.8728 5630.5453 
0.7440000 475.5082 272.8945 0.1845 847.2496 18408.2180 17537.5965 14860.8681 10726.2886 5606.2464 
0.7500000 473.4890 275.7414 0.1831 847.2507 18310.6101 17446.2096 14787.2964 10676.7435 5581.8883 
0.7560000 471.4631 278.5763 0.1818 847.2518 18213.7076 17355.4151 14714.0352 10627.2465 5557.4793 
0.7620000 469.4315 281.3990 0.1805 847.2529 18117.4973 17265.2043 14641.0859 10577.8065 5533.0275 
0.7680000 467.3947 284.2094 0.1793 847.2540 18021.9667 17175.5685 14568.4493 10528.4316 5508.5404 
0.7740000 465.3535 287.0077 0.1780 847.2551 17927.1037 17086.4997 14496.1263 10479.1298 5484.0252 
0.7800000 463.3086 289.7936 0.1768 847.2561 17832.8967 16997.9897 14424.1177 10429.9085 5459.4888 
0.7860000 461.2606 292.5673 0.1756 847.2572 17739.3345 16910.0310 14352.4241 10380.7747 5434.9378 
0.7920000 459.2102 295.3287 0.1744 847.2582 17646.4063 16822.6160 14281.0462 10331.7352 5410.3783 
0.7980000 457.1578 298.0778 0.1732 847.2593 17554.1016 16735.7375 14209.9842 10282.7963 5385.8163 
0.8040000 455.1042 300.8146 0.1721 847.2603 17462.4105 16649.3886 14139.2387 10233.9640 5361.2575 
0.8100000 453.0497 303.5390 0.1710 847.2613 17371.3232 16563.5626 14068.8098 10185.2440 5336.7070 
0.8160000 450.9949 306.2512 0.1699 847.2624 17280.8305 16478.2529 13998.6978 10136.6416 5312.1702 
0.8220000 448.9402 308.9510 0.1688 847.2634 17190.9232 16393.4533 13928.9028 10088.1621 5287.6516 
0.8280000 446.8862 311.6384 0.1677 847.2644 17101.5928 16309.1575 13859.4247 10039.8101 5263.1561 
0.8340000 444.8332 314.3136 0.1666 847.2654 17012.8307 16225.3596 13790.2635 9991.5903 5238.6878 
0.8400000 442.7817 316.9764 0.1656 847.2664 16924.6290 16142.0540 13721.4192 9943.5070 5214.2510 
0.8460000 440.7320 319.6269 0.1645 847.2674 16836.9797 16059.2350 13652.8915 9895.5641 5189.8496 
0.8520000 438.6845 322.2652 0.1635 847.2684 16749.8753 15976.8972 13584.6803 9847.7655 5165.4873 
0.8580000 436.6396 324.8911 0.1625 847.2693 16663.3084 15895.0353 13516.7851 9800.1149 5141.1676 
0.8640000 434.5976 327.5048 0.1615 847.2703 16577.2720 15813.6443 13449.2057 9752.6156 5116.8939 
0.8700000 432.5588 330.1063 0.1606 847.2713 16491.7593 15732.7192 13381.9416 9705.2707 5092.6694 
0.8760000 430.5235 332.6955 0.1596 847.2722 16406.7635 15652.2551 13314.9923 9658.0834 5068.4970 
0.8820000 428.4920 335.2725 0.1586 847.2732 16322.2783 15572.2475 13248.3575 9611.0564 5044.3796 
0.8880000 426.4645 337.8374 0.1577 847.2741 16238.2975 15492.6917 13182.0364 9564.1923 5020.3200 
0.8940000 424.4414 340.3901 0.1568 847.2751 16154.8149 15413.5833 13116.0286 9517.4937 4996.3206 
0.9000000 422.4228 342.9307 0.1558 847.2760 16071.8249 15334.9180 13050.3334 9470.9628 4972.3838 
0.9060000 420.4090 345.4592 0.1549 847.2770 15989.3216 15256.6916 12984.9500 9424.6018 4948.5120 
0.9120000 418.4002 347.9756 0.1540 847.2779 15907.2997 15178.9000 12919.8778 9378.4127 4924.7073 
0.9180000 416.3966 350.4800 0.1531 847.2788 15825.7538 15101.5392 12855.1161 9332.3975 4900.9717 
0.9240000 414.3983 352.9723 0.1522 847.2797 15744.6786 15024.6053 12790.6640 9286.5578 4877.3071 
0.9300000 412.4057 355.4527 0.1514 847.2806 15664.0693 14948.0946 12726.5208 9240.8953 4853.7153 
0.9360000 410.4188 357.9212 0.1505 847.2815 15583.9209 14872.0033 12662.6856 9195.4114 4830.1981 
0.9420000 408.4378 360.3777 0.1497 847.2824 15504.2286 14796.3278 12599.1575 9150.1077 4806.7571 
0.9480000 406.4629 362.8224 0.1488 847.2833 15424.9879 14721.0646 12535.9357 9104.9852 4783.3936 
0.9540000 404.4942 365.2553 0.1480 847.2842 15346.1942 14646.2103 12473.0192 9060.0454 4760.1092 
0.9600000 402.5318 367.6763 0.1471 847.2851 15267.8432 14571.7615 12410.4070 9015.2891 4736.9052 
0.9660000 400.5759 370.0856 0.1463 847.2860 15189.9307 14497.7149 12348.0983 8970.7174 4713.7828 
0.9720000 398.6266 372.4832 0.1455 847.2869 15112.4525 14424.0672 12286.0920 8926.3313 4690.7431 
0.9780000 396.6840 374.8692 0.1447 847.2877 15035.4045 14350.8153 12224.3872 8882.1314 4667.7873 
0.9840000 394.7482 377.2434 0.1439 847.2886 14958.7829 14277.9562 12162.9827 8838.1185 4644.9164 
0.9900000 392.8193 379.6061 0.1431 847.2895 14882.5837 14205.4869 12101.8777 8794.2933 4622.1313 
0.9960000 390.8974 381.9573 0.1423 847.2903 14806.8034 14133.4042 12041.0709 8750.6564 4599.4329 
1.0020000 388.9826 384.2969 0.1415 847.2912 14731.4381 14061.7055 11980.5614 8707.2082 4576.8220 
1.0080000 387.0749 386.6250 0.1408 847.2920 14656.4844 13990.3877 11920.3480 8663.9493 4554.2993 
1.0140000 385.1745 388.9418 0.1400 847.2929 14581.9388 13919.4482 11860.4297 8620.8798 4531.8656 
1.0200000 383.2814 391.2471 0.1392 847.2937 14507.7979 13848.8841 11800.8054 8578.0003 4509.5216 
1.0260000 381.3956 393.5411 0.1385 847.2945 14434.0584 13778.6929 11741.4739 8535.3109 4487.2677 
1.0320000 379.5173 395.8239 0.1377 847.2954 14360.7169 13708.8718 11682.4341 8492.8118 4465.1045 
1.0380000 377.6465 398.0953 0.1370 847.2962 14287.7704 13639.4184 11623.6849 8450.5032 4443.0326 
1.0440000 375.7832 400.3556 0.1363 847.2970 14215.2157 13570.3299 11565.2251 8408.3852 4421.0524 
1.0500000 373.9275 402.6047 0.1355 847.2978 14143.0498 13501.6040 11507.0535 8366.4578 4399.1643 
1.0560000 372.0794 404.8427 0.1348 847.2986 14071.2696 13433.2382 11449.1691 8324.7211 4377.3687 
1.0620000 370.2390 407.0697 0.1341 847.2994 13999.8724 13365.2300 11391.5705 8283.1749 4355.6658 
1.0680000 368.4062 409.2856 0.1334 847.3002 13928.8552 13297.5771 11334.2568 8241.8193 4334.0561 
1.0740000 366.5812 411.4906 0.1327 847.3010 13858.2152 13230.2771 11277.2265 8200.6541 4312.5397 
1.0800000 364.7640 413.6846 0.1320 847.3018 13787.9496 13163.3278 11220.4787 8159.6791 4291.1168 
1.0860000 362.9546 415.8677 0.1313 847.3026 13718.0558 13096.7268 11164.0120 8118.8941 4269.7877 
1.0920000 361.1529 418.0400 0.1306 847.3034 13648.5311 13030.4720 11107.8253 8078.2990 4248.5526 
1.0980000 359.3591 420.2015 0.1299 847.3042 13579.3729 12964.5610 11051.9174 8037.8934 4227.4115 
1.1040000 357.5731 422.3523 0.1292 847.3050 13510.5787 12898.9919 10996.2870 7997.6772 4206.3645 
1.1100000 355.7950 424.4924 0.1285 847.3057 13442.1459 12833.7623 10940.9330 7957.6499 4185.4118 
1.1160000 354.0247 426.6219 0.1279 847.3065 13374.0720 12768.8702 10885.8542 7917.8113 4164.5533 
1.1220000 352.2623 428.7407 0.1272 847.3073 13306.3547 12704.3135 10831.0493 7878.1609 4143.7892 
1.1280000 350.5078 430.8490 0.1265 847.3080 13238.9915 12640.0902 10776.5171 7838.6984 4123.1194 
1.1340000 348.7612 432.9468 0.1259 847.3088 13171.9801 12576.1982 10722.2565 7799.4234 4102.5439 
1.1400000 347.0225 435.0341 0.1252 847.3095 13105.3182 12512.6355 10668.2661 7760.3354 4082.0627 
1.1460000 345.2916 437.1111 0.1246 847.3103 13039.0035 12449.4002 10614.5449 7721.4340 4061.6757 
1.1520000 343.5687 439.1776 0.1239 847.3110 12973.0338 12386.4902 10561.0915 7682.7187 4041.3828 
1.1580000 341.8536 441.2339 0.1233 847.3118 12907.4068 12323.9037 10507.9047 7644.1890 4021.1840 
1.1640000 340.1464 443.2799 0.1226 847.3125 12842.1204 12261.6387 10454.9833 7605.8445 4001.0792 
1.1700000 338.4471 445.3156 0.1220 847.3133 12777.1723 12199.6934 10402.3262 7567.6845 3981.0682 
1.1760000 336.7557 447.3412 0.1214 847.3140 12712.5606 12138.0659 10349.9321 7529.7085 3961.1508 
1.1820000 335.0721 449.3567 0.1207 847.3147 12648.2831 12076.7543 10297.7997 7491.9160 3941.3270 
1.1880000 333.3964 451.3621 0.1201 847.3154 12584.3378 12015.7568 10245.9280 7454.3065 3921.5966 
1.1940000 331.7285 453.3574 0.1195 847.3162 12520.7226 11955.0716 10194.3155 7416.8792 3901.9594 
1.2000000 330.0685 455.3428 0.1189 847.3169 12457.4355 11894.6970 10142.9612 7379.6337 3882.4151 
1.2060000 328.4163 457.3183 0.1183 847.3176 12394.4745 11834.6311 10091.8639 7342.5693 3862.9637 
1.2120000 326.7718 459.2838 0.1177 847.3183 12331.8377 11774.8723 10041.0223 7305.6855 3843.6048 
1.2180000 325.1352 461.2395 0.1171 847.3190 12269.5231 11715.4187 9990.4352 7268.9815 3824.3383 
1.2240000 323.5063 463.1854 0.1164 847.3197 12207.5289 11656.2686 9940.1014 7232.4567 3805.1640 
1.2300000 321.8851 465.1216 0.1159 847.3204 12145.8531 11597.4205 9890.0197 7196.1106 3786.0815 
1.2360000 320.2717 467.0480 0.1153 847.3211 12084.4939 11538.8725 9840.1890 7159.9424 3767.0907 
1.2420000 318.6660 468.9648 0.1147 847.3218 12023.4494 11480.6230 9790.6080 7123.9515 3748.1912 
1.2480000 317.0680 470.8720 0.1141 847.3225 11962.7178 11422.6704 9741.2755 7088.1372 3729.3829 
1.2540000 315.4777 472.7697 0.1135 847.3231 11902.2973 11365.0130 9692.1904 7052.4988 3710.6654 
1.2600000 313.8950 474.6578 0.1129 847.3238 11842.1862 11307.6491 9643.3514 7017.0357 3692.0384 
1.2660000 312.3200 476.5364 0.1123 847.3245 11782.3825 11250.5773 9594.7574 6981.7472 3673.5017 
1.2720000 310.7525 478.4056 0.1118 847.3252 11722.8847 11193.7959 9546.4072 6946.6326 3655.0551 
1.2780000 309.1927 480.2654 0.1112 847.3258 11663.6910 11137.3033 9498.2996 6911.6911 3636.6980 
1.2840000 307.6403 482.1159 0.1106 847.3265 11604.7996 11081.0979 9450.4335 6876.9222 3618.4304 
1.2900000 306.0956 483.9571 0.1101 847.3272 11546.2088 11025.1782 9402.8077 6842.3250 3600.2518 
1.2960000 304.5583 485.7891 0.1095 847.3278 11487.9170 10969.5426 9355.4210 6807.8988 3582.1620 
1.3020000 303.0285 487.6118 0.1089 847.3285 11429.9225 10914.1897 9308.2723 6773.6431 3564.1606 
1.3080000 301.5062 489.4254 0.1084 847.3291 11372.2237 10859.1179 9261.3603 6739.5569 3546.2474 
1.3140000 299.9913 491.2299 0.1078 847.3298 11314.8189 10804.3256 9214.6840 6705.6397 3528.4219 
1.3200000 298.4838 493.0253 0.1073 847.3304 11257.7065 10749.8114 9168.2422 6671.8907 3510.6838 
1.3260000 296.9836 494.8117 0.1067 847.3311 11200.8849 10695.5739 9122.0338 6638.3092 3493.0329 
1.3320000 295.4909 496.5891 0.1062 847.3317 11144.3525 10641.6115 9076.0576 6604.8944 3475.4688 
1.3380000 294.0054 498.3576 0.1057 847.3323 11088.1077 10587.9228 9030.3124 6571.6456 3457.9911 
1.3440000 292.5273 500.1171 0.1051 847.3330 11032.1490 10534.5063 8984.7972 6538.5622 3440.5995 
1.3500000 291.0564 501.8679 0.1046 847.3336 10976.4748 10481.3605 8939.5108 6505.6433 3423.2937 
1.3560000 289.5927 503.6098 0.1040 847.3342 10921.0835 10428.4842 8894.4521 6472.8882 3406.0733 
1.3620000 288.1363 505.3430 0.1035 847.3348 10865.9737 10375.8757 8849.6200 6440.2963 3388.9379 
1.3680000 286.6870 507.0675 0.1030 847.3355 10811.1438 10323.5338 8805.0133 6407.8667 3371.8873 
1.3740000 285.2449 508.7832 0.1025 847.3361 10756.5923 10271.4570 8760.6310 6375.5988 3354.9210 
1.3800000 283.8099 510.4904 0.1020 847.3367 10702.3178 10219.6440 8716.4719 6343.4917 3338.0388 
1.3860000 282.3820 512.1890 0.1014 847.3373 10648.3187 10168.0933 8672.5350 6311.5449 3321.2402 
1.3920000 280.9612 513.8790 0.1009 847.3379 10594.5936 10116.8035 8628.8191 6279.7575 3304.5248 
1.3980000 279.5474 515.5605 0.1004 847.3385 10541.1410 10065.7734 8585.3231 6248.1288 3287.8925 
1.4040000 278.1406 517.2335 0.0999 847.3391 10487.9595 10015.0016 8542.0460 6216.6581 3271.3427 
1.4100000 276.7408 518.8982 0.0994 847.3397 10435.0476 9964.4866 8498.9867 6185.3446 3254.8751 
1.4160000 275.3479 520.5544 0.0989 847.3403 10382.4039 9914.2273 8456.1441 6154.1877 3238.4893 
1.4220000 273.9619 522.2023 0.0984 847.3409 10330.0271 9864.2222 8413.5171 6123.1866 3222.1851 
1.4280000 272.5829 523.8420 0.0979 847.3415 10277.9156 9814.4700 8371.1047 6092.3405 3205.9620 
1.4340000 271.2106 525.4733 0.0974 847.3421 10226.0681 9764.9695 8328.9057 6061.6488 3189.8197 
1.4400000 269.8452 527.0965 0.0969 847.3427 10174.4832 9715.7192 8286.9192 6031.1107 3173.7578 
1.4460000 268.4866 528.7115 0.0964 847.3432 10123.1596 9666.7180 8245.1440 6000.7255 3157.7760 
1.4520000 267.1348 530.3183 0.0959 847.3438 10072.0958 9617.9646 8203.5792 5970.4924 3141.8738 
1.4580000 265.7897 531.9171 0.0954 847.3444 10021.2905 9569.4575 8162.2236 5940.4108 3126.0510 
1.4640000 264.4513 533.5078 0.0950 847.3450 9970.7424 9521.1957 8121.0763 5910.4799 3110.3071 
1.4700000 263.1196 535.0905 0.0945 847.3455 9920.4501 9473.1778 8080.1361 5880.6990 3094.6418 
1.4760000 261.7945 536.6652 0.0940 847.3461 9870.4122 9425.4026 8039.4021 5851.0674 3079.0548 
1.4820000 260.4760 538.2320 0.0935 847.3467 9820.6275 9377.8687 7998.8733 5821.5844 3063.5457 
1.4880000 259.1641 539.7909 0.0930 847.3472 9771.0947 9330.5751 7958.5485 5792.2493 3048.1140 
1.4940000 257.8588 541.3420 0.0926 847.3478 9721.8124 9283.5204 7918.4269 5763.0613 3032.7596 
1.5000000 256.5599 542.8852 0.0921 847.3483 9672.7794 9236.7034 7878.5073 5734.0198 3017.4819 
1.5060000 255.2676 544.4207 0.0916 847.3489 9623.9942 9190.1229 7838.7888 5705.1240 3002.2807 
1.5120000 253.9818 545.9485 0.0912 847.3494 9575.4558 9143.7777 7799.2703 5676.3732 2987.1555 
1.5180000 252.7023 547.4685 0.0907 847.3500 9527.1627 9097.6666 7759.9509 5647.7668 2972.1061 
1.5240000 251.4293 548.9809 0.0903 847.3505 9479.1138 9051.7883 7720.8296 5619.3040 2957.1320 
1.5300000 250.1626 550.4856 0.0898 847.3511 9431.3077 9006.1418 7681.9054 5590.9841 2942.2329 
1.5360000 248.9023 551.9828 0.0893 847.3516 9383.7433 8960.7257 7643.1772 5562.8065 2927.4085 
1.5420000 247.6483 553.4725 0.0889 847.3521 9336.4192 8915.5390 7604.6442 5534.7704 2912.6584 
1.5480000 246.4005 554.9546 0.0884 847.3527 9289.3342 8870.5804 7566.3053 5506.8752 2897.9822 
1.5540000 245.1591 556.4293 0.0880 847.3532 9242.4872 8825.8488 7528.1595 5479.1201 2883.3796 
1.5600000 243.9238 557.8965 0.0876 847.3537 9195.8768 8781.3430 7490.2060 5451.5046 2868.8502 
1.5660000 242.6947 559.3564 0.0871 847.3542 9149.5019 8737.0620 7452.4436 5424.0278 2854.3937 
1.5720000 241.4718 560.8088 0.0867 847.3548 9103.3612 8693.0044 7414.8716 5396.6892 2840.0098 
1.5780000 240.2551 562.2540 0.0862 847.3553 9057.4536 8649.1693 7377.4888 5369.4880 2825.6980 
1.5840000 239.0444 563.6919 0.0858 847.3558 9011.7779 8605.5554 7340.2944 5342.4235 2811.4581 
1.5900000 237.8398 565.1225 0.0854 847.3563 8966.3329 8562.1617 7303.2875 5315.4952 2797.2896 
1.5960000 236.6413 566.5460 0.0849 847.3568 8921.1173 8518.9869 7266.4670 5288.7023 2783.1923 
1.6020000 235.4487 567.9622 0.0845 847.3573 8876.1301 8476.0301 7229.8321 5262.0441 2769.1657 
1.6080000 234.2622 569.3714 0.0841 847.3578 8831.3700 8433.2900 7193.3818 5235.5200 2755.2097 
1.6140000 233.0816 570.7734 0.0837 847.3583 8786.8360 8390.7657 7157.1152 5209.1294 2741.3237 
1.6200000 231.9069 572.1683 0.0832 847.3588 8742.5267 8348.4559 7121.0313 5182.8715 2727.5075 
1.6260000 230.7381 573.5563 0.0828 847.3593 8698.4412 8306.3597 7085.1293 5156.7457 2713.7607 
1.6320000 229.5753 574.9372 0.0824 847.3598 8654.5782 8264.4759 7049.4083 5130.7514 2700.0830 
1.6380000 228.4182 576.3112 0.0820 847.3603 8610.9367 8222.8034 7013.8672 5104.8880 2686.4740 
1.6440000 227.2670 577.6782 0.0816 847.3608 8567.5154 8181.3411 6978.5053 5079.1546 2672.9334 
1.6500000 226.1215 579.0384 0.0812 847.3613 8524.3133 8140.0881 6943.3216 5053.5508 2659.4609 
1.6560000 224.9818 580.3917 0.0807 847.3618 8481.3293 8099.0432 6908.3153 5028.0759 2646.0562 
1.6620000 223.8479 581.7381 0.0803 847.3623 8438.5622 8058.2054 6873.4853 5002.7292 2632.7189 
1.6680000 222.7196 583.0778 0.0799 847.3628 8396.0110 8017.5737 6838.8310 4977.5101 2619.4486 
1.6740000 221.5970 584.4108 0.0795 847.3632 8353.6745 7977.1469 6804.3513 4952.4179 2606.2451 
1.6800000 220.4800 585.7370 0.0791 847.3637 8311.5516 7936.9240 6770.0453 4927.4521 2593.1079 
1.6860000 219.3687 587.0565 0.0787 847.3642 8269.6413 7896.9041 6735.9123 4902.6120 2580.0369 
1.6920000 218.2630 588.3694 0.0783 847.3647 8227.9425 7857.0861 6701.9514 4877.8969 2567.0316 
1.6980000 217.1628 589.6757 0.0779 847.3651 8186.4541 7817.4689 6668.1616 4853.3063 2554.0918 
1.7040000 216.0681 590.9754 0.0775 847.3656 8145.1751 7778.0516 6634.5422 4828.8396 2541.2171 
1.7100000 214.9790 592.2685 0.0772 847.3661 8104.1043 7738.8331 6601.0922 4804.4960 2528.4071 
1.7160000 213.8953 593.5551 0.0768 847.3665 8063.2408 7699.8125 6567.8108 4780.2751 2515.6617 
1.7220000 212.8171 594.8352 0.0764 847.3670 8022.5834 7660.9886 6534.6972 4756.1761 2502.9803 
1.7280000 211.7444 596.1089 0.0760 847.3674 7982.1312 7622.3606 6501.7505 4732.1985 2490.3628 
1.7340000 210.6770 597.3762 0.0756 847.3679 7941.8830 7583.9275 6468.9699 4708.3417 2477.8088 
1.7400000 209.6150 598.6370 0.0752 847.3683 7901.8379 7545.6882 6436.3545 4684.6051 2465.3180 
1.7460000 208.5583 599.8916 0.0748 847.3688 7861.9948 7507.6418 6403.9035 4660.9880 2452.8901 
1.7520000 207.5070 601.1397 0.0745 847.3692 7822.3527 7469.7872 6371.6161 4637.4899 2440.5248 
1.7580000 206.4609 602.3816 0.0741 847.3697 7782.9106 7432.1236 6339.4915 4614.1101 2428.2217 
1.7640000 205.4201 603.6173 0.0737 847.3701 7743.6675 7394.6500 6307.5288 4590.8482 2415.9806 
1.7700000 204.3846 604.8467 0.0733 847.3706 7704.6223 7357.3653 6275.7273 4567.7034 2403.8011 
1.7760000 203.3542 606.0699 0.0730 847.3710 7665.7741 7320.2687 6244.0861 4544.6753 2391.6829 
1.7820000 202.3291 607.2869 0.0726 847.3714 7627.1219 7283.3592 6212.6043 4521.7631 2379.6258 
1.7880000 201.3091 608.4978 0.0722 847.3719 7588.6646 7246.6358 6181.2813 4498.9664 2367.6294 
1.7940000 200.2942 609.7026 0.0719 847.3723 7550.4012 7210.0977 6150.1162 4476.2846 2355.6934 
1.8000000 199.2845 610.9014 0.0715 847.3727 7512.3309 7173.7438 6119.1082 4453.7171 2343.8175 
1.8060000 198.2799 612.0940 0.0712 847.3732 7474.4527 7137.5733 6088.2565 4431.2632 2332.0014 
1.8120000 197.2803 613.2807 0.0708 847.3736 7436.7654 7101.5851 6057.5603 4408.9225 2320.2449 
1.8180000 196.2857 614.4614 0.0704 847.3740 7399.2683 7065.7785 6027.0189 4386.6944 2308.5475 
1.8240000 195.2962 615.6361 0.0701 847.3744 7361.9602 7030.1525 5996.6315 4364.5783 2296.9091 
1.8300000 194.3116 616.8050 0.0697 847.3749 7324.8404 6994.7061 5966.3972 4342.5737 2285.3294 
1.8360000 193.3320 617.9679 0.0694 847.3753 7287.9077 6959.4384 5936.3154 4320.6799 2273.8079 
1.8420000 192.3573 619.1249 0.0690 847.3757 7251.1613 6924.3486 5906.3852 4298.8965 2262.3445 
1.8480000 191.3876 620.2762 0.0687 847.3761 7214.6003 6889.4358 5876.6060 4277.2228 2250.9389 
1.8540000 190.4227 621.4216 0.0683 847.3765 7178.2236 6854.6990 5846.9768 4255.6584 2239.5907 
1.8600000 189.4627 622.5612 0.0680 847.3769 7142.0304 6820.1374 5817.4970 4234.2027 2228.2997 
1.8660000 188.5075 623.6951 0.0676 847.3773 7106.0198 6785.7501 5788.1659 4212.8551 2217.0656 
1.8720000 187.5571 624.8233 0.0673 847.3777 7070.1907 6751.5362 5758.9826 4191.6150 2205.8881 
1.8780000 186.6115 625.9458 0.0670 847.3781 7034.5423 6717.4948 5729.9464 4170.4821 2194.7669 
1.8840000 185.6707 627.0627 0.0666 847.3785 6999.0737 6683.6251 5701.0567 4149.4556 2183.7018 
1.8900000 184.7347 628.1739 0.0663 847.3789 6963.7840 6649.9262 5672.3126 4128.5351 2172.6924 
1.8960000 183.8033 629.2795 0.0660 847.3793 6928.6723 6616.3972 5643.7134 4107.7201 2161.7385 
1.9020000 182.8766 630.3795 0.0656 847.3797 6893.7376 6583.0372 5615.2584 4087.0100 2150.8397 
1.9080000 181.9546 631.4740 0.0653 847.3801 6858.9791 6549.8455 5586.9468 4066.4042 2139.9960 
1.9140000 181.0373 632.5630 0.0650 847.3805 6824.3958 6516.8212 5558.7780 4045.9024 2129.2068 
1.9200000 180.1246 633.6464 0.0646 847.3809 6789.9870 6483.9634 5530.7512 4025.5038 2118.4720 
1.9260000 179.2164 634.7245 0.0643 847.3813 6755.7517 6451.2713 5502.8657 4005.2081 2107.7914 
1.9320000 178.3129 635.7970 0.0640 847.3817 6721.6890 6418.7440 5475.1208 3985.0147 2097.1645 
1.9380000 177.4139 636.8642 0.0637 847.3821 6687.7981 6386.3808 5447.5157 3964.9231 2086.5912 
1.9440000 176.5194 637.9260 0.0633 847.3824 6654.0781 6354.1807 5420.0499 3944.9327 2076.0713 
1.9500000 175.6295 638.9824 0.0630 847.3828 6620.5281 6322.1430 5392.7225 3925.0431 2065.6043 
1.9560000 174.7440 640.0336 0.0627 847.3832 6587.1473 6290.2668 5365.5329 3905.2538 2055.1901 
1.9620000 173.8630 641.0794 0.0624 847.3836 6553.9349 6258.5514 5338.4803 3885.5643 2044.8283 
1.9680000 172.9864 642.1199 0.0621 847.3839 6520.8899 6226.9959 5311.5642 3865.9739 2034.5188 
1.9740000 172.1143 643.1552 0.0618 847.3843 6488.0115 6195.5995 5284.7838 3846.4824 2024.2613 
1.9800000 171.2465 644.1853 0.0614 847.3847 6455.2990 6164.3615 5258.1384 3827.0891 2014.0554 
1.9860000 170.3831 645.2102 0.0611 847.3851 6422.7514 6133.2809 5231.6273 3807.7935 2003.9010 
1.9920000 169.5241 646.2299 0.0608 847.3854 6390.3679 6102.3571 5205.2499 3788.5952 1993.7978 
1.9980000 168.6694 647.2444 0.0605 847.3858 6358.1477 6071.5891 5179.0054 3769.4937 1983.7455 
2.0040000 167.8190 648.2539 0.0602 847.3861 6326.0900 6040.9764 5152.8933 3750.4885 1973.7439 
2.0100000 166.9729 649.2583 0.0599 847.3865 6294.1939 6010.5179 5126.9129 3731.5792 1963.7927 
2.0160000 166.1311 650.2576 0.0596 847.3869 6262.4586 5980.2131 5101.0634 3712.7651 1953.8916 
2.0220000 165.2935 651.2518 0.0593 847.3872 6230.8834 5950.0611 5075.3443 3694.0459 1944.0405 
2.0280000 164.4601 652.2411 0.0590 847.3876 6199.4674 5920.0611 5049.7548 3675.4210 1934.2390 
2.0340000 163.6309 653.2254 0.0587 847.3879 6168.2098 5890.2123 5024.2944 3656.8900 1924.4869 
2.0400000 162.8059 654.2047 0.0584 847.3883 6137.1098 5860.5141 4998.9623 3638.4525 1914.7840 
2.0460000 161.9851 655.1790 0.0581 847.3886 6106.1667 5830.9656 4973.7579 3620.1079 1905.1300 
2.0520000 161.1684 656.1485 0.0578 847.3890 6075.3795 5801.5661 4948.6806 3601.8558 1895.5247 
2.0580000 160.3558 657.1131 0.0575 847.3893 6044.7476 5772.3148 4923.7297 3583.6957 1885.9678 
2.0640000 159.5473 658.0728 0.0573 847.3897 6014.2702 5743.2111 4898.9047 3565.6272 1876.4590 
2.0700000 158.7429 659.0276 0.0570 847.3900 5983.9464 5714.2540 4874.2048 3547.6497 1866.9982 
2.0760000 157.9426 659.9777 0.0567 847.3904 5953.7755 5685.4430 4849.6294 3529.7629 1857.5851 
2.0820000 157.1462 660.9229 0.0564 847.3907 5923.7568 5656.7772 4825.1780 3511.9662 1848.2194 
2.0880000 156.3539 661.8634 0.0561 847.3910 5893.8894 5628.2560 4800.8498 3494.2593 1838.9010 
2.0940000 155.5656 662.7992 0.0558 847.3914 5864.1726 5599.8786 4776.6443 3476.6416 1829.6295 
2.1000000 154.7813 663.7302 0.0555 847.3917 5834.6057 5571.6443 4752.5608 3459.1128 1820.4048 
2.1060000 154.0009 664.6565 0.0553 847.3920 5805.1878 5543.5523 4728.5987 3441.6723 1811.2266 
2.1120000 153.2245 665.5782 0.0550 847.3924 5775.9183 5515.6020 4704.7575 3424.3198 1802.0946 
2.1180000 152.4519 666.4952 0.0547 847.3927 5746.7963 5487.7926 4681.0365 3407.0548 1793.0087 
2.1240000 151.6833 667.4076 0.0544 847.3930 5717.8212 5460.1234 4657.4350 3389.8767 1783.9686 
2.1300000 150.9185 668.3154 0.0542 847.3933 5688.9922 5432.5937 4633.9526 3372.7853 1774.9740 
2.1360000 150.1576 669.2187 0.0539 847.3937 5660.3085 5405.2029 4610.5885 3355.7801 1766.0248 
2.1420000 149.4005 670.1173 0.0536 847.3940 5631.7695 5377.9501 4587.3423 3338.8606 1757.1208 
2.1480000 148.6473 671.0115 0.0533 847.3943 5603.3743 5350.8348 4564.2132 3322.0264 1748.2616 
2.1540000 147.8978 671.9011 0.0531 847.3946 5575.1224 5323.8561 4541.2008 3305.2771 1739.4470 
2.1600000 147.1521 672.7862 0.0528 847.3949 5547.0129 5297.0135 4518.3044 3288.6122 1730.6769 
2.1660000 146.4102 673.6669 0.0525 847.3953 5519.0451 5270.3063 4495.5234 3272.0313 1721.9511 
2.1720000 145.6720 674.5432 0.0523 847.3956 5491.2183 5243.7337 4472.8573 3255.5340 1713.2692 
2.1780000 144.9376 675.4150 0.0520 847.3959 5463.5319 5217.2950 4450.3055 3239.1199 1704.6311 
2.1840000 144.2068 676.2824 0.0517 847.3962 5435.9850 5190.9897 4427.8674 3222.7886 1696.0365 
2.1900000 143.4797 677.1455 0.0515 847.3965 5408.5770 5164.8170 4405.5424 3206.5396 1687.4853 
2.1960000 142.7563 678.0042 0.0512 847.3968 5381.3073 5138.7763 4383.3299 3190.3725 1678.9772 
2.2020000 142.0366 678.8585 0.0510 847.3971 5354.1750 5112.8669 4361.2295 3174.2869 1670.5119 
2.2080000 141.3204 679.7086 0.0507 847.3974 5327.1795 5087.0881 4339.2405 3158.2824 1662.0894 
2.2140000 140.6079 680.5544 0.0505 847.3977 5300.3201 5061.4393 4317.3623 3142.3587 1653.7093 
2.2200000 139.8990 681.3959 0.0502 847.3980 5273.5962 5035.9198 4295.5945 3126.5152 1645.3715 
2.2260000 139.1936 682.2332 0.0499 847.3983 5247.0070 5010.5290 4273.9364 3110.7515 1637.0757 
2.2320000 138.4918 683.0662 0.0497 847.3986 5220.5519 4985.2662 4252.3875 3095.0674 1628.8217 
2.2380000 137.7936 683.8951 0.0494 847.3989 5194.2301 4960.1308 4230.9473 3079.4623 1620.6093 
2.2440000 137.0988 684.7197 0.0492 847.3992 5168.0411 4935.1221 4209.6151 3063.9359 1612.4384 
2.2500000 136.4076 685.5402 0.0489 847.3995 5141.9841 4910.2395 4188.3905 3048.4878 1604.3086 
2.2560000 135.7198 686.3566 0.0487 847.3998 5116.0585 4885.4823 4167.2730 3033.1176 1596.2198 
2.2620000 135.0355 687.1689 0.0485 847.4001 5090.2636 4860.8500 4146.2619 3017.8249 1588.1718 
2.2680000 134.3547 687.9770 0.0482 847.4004 5064.5988 4836.3419 4125.3567 3002.6092 1580.1644 
2.2740000 133.6773 688.7811 0.0480 847.4007 5039.0634 4811.9574 4104.5569 2987.4703 1572.1974 
2.2800000 133.0033 689.5812 0.0477 847.4010 5013.6567 4787.6958 4083.8620 2972.4077 1564.2705 
2.2860000 132.3327 690.3772 0.0475 847.4013 4988.3781 4763.5565 4063.2715 2957.4211 1556.3836 
2.2920000 131.6655 691.1692 0.0472 847.4015 4963.2270 4739.5389 4042.7847 2942.5100 1548.5364 
2.2980000 131.0017 691.9572 0.0470 847.4018 4938.2027 4715.6424 4022.4013 2927.6741 1540.7288 
2.3040000 130.3412 692.7412 0.0468 847.4021 4913.3046 4691.8665 4002.1206 2912.9130 1532.9606 
2.3100000 129.6840 693.5213 0.0465 847.4024 4888.5320 4668.2104 3981.9422 2898.2263 1525.2315 
2.3160000 129.0301 694.2974 0.0463 847.4027 4863.8843 4644.6735 3961.8655 2883.6137 1517.5414 
2.3220000 128.3796 695.0696 0.0461 847.4029 4839.3609 4621.2554 3941.8901 2869.0747 1509.8901 
2.3280000 127.7323 695.8379 0.0458 847.4032 4814.9611 4597.9553 3922.0153 2854.6090 1502.2774 
2.3340000 127.0883 696.6024 0.0456 847.4035 4790.6844 4574.7727 3902.2408 2840.2163 1494.7030 
2.3400000 126.4475 697.3630 0.0454 847.4038 4766.5300 4551.7069 3882.5659 2825.8962 1487.1669 
2.3460000 125.8100 698.1198 0.0451 847.4040 4742.4974 4528.7575 3862.9903 2811.6482 1479.6687 
2.3520000 125.1756 698.8727 0.0449 847.4043 4718.5861 4505.9238 3843.5134 2797.4721 1472.2083 
2.3580000 124.5445 699.6219 0.0447 847.4046 4694.7952 4483.2052 3824.1346 2783.3674 1464.7855 
2.3640000 123.9166 700.3673 0.0445 847.4048 4671.1244 4460.6012 3804.8536 2769.3339 1457.4002 
2.3700000 123.2918 701.1089 0.0442 847.4051 4647.5728 4438.1111 3785.6698 2755.3711 1450.0521 
2.3760000 122.6702 701.8468 0.0440 847.4054 4624.1401 4415.7344 3766.5827 2741.4787 1442.7411 
2.3820000 122.0517 702.5809 0.0438 847.4056 4600.8254 4393.4706 3747.5918 2727.6564 1435.4669 
2.3880000 121.4363 703.3114 0.0436 847.4059 4577.6283 4371.3190 3728.6967 2713.9037 1428.2294 
2.3940000 120.8240 704.0382 0.0434 847.4062 4554.5482 4349.2790 3709.8969 2700.2204 1421.0283 
2.4000000 120.2148 704.7613 0.0431 847.4064 4531.5845 4327.3502 3691.1918 2686.6061 1413.8636 
2.4060000 119.6087 705.4807 0.0429 847.4067 4508.7365 4305.5320 3672.5811 2673.0604 1406.7350 
2.4120000 119.0057 706.1966 0.0427 847.4069 4486.0037 4283.8238 3654.0642 2659.5831 1399.6424 
2.4180000 118.4057 706.9088 0.0425 847.4072 4463.3856 4262.2250 3635.6406 2646.1736 1392.5855 
2.4240000 117.8087 707.6174 0.0423 847.4074 4440.8815 4240.7352 3617.3100 2632.8318 1385.5642 
2.4300000 117.2147 708.3225 0.0421 847.4077 4418.4908 4219.3536 3599.0717 2619.5573 1378.5783 
2.4360000 116.6237 709.0240 0.0418 847.4080 4396.2130 4198.0799 3580.9254 2606.3496 1371.6276 
2.4420000 116.0357 709.7220 0.0416 847.4082 4374.0476 4176.9135 3562.8707 2593.2086 1364.7119 
2.4480000 115.4506 710.4164 0.0414 847.4085 4351.9939 4155.8537 3544.9069 2580.1338 1357.8311 
2.4540000 114.8686 711.1074 0.0412 847.4087 4330.0515 4134.9002 3527.0337 2567.1250 1350.9851 
2.4600000 114.2894 711.7949 0.0410 847.4089 4308.2196 4114.0523 3509.2506 2554.1817 1344.1735 
2.4660000 113.7132 712.4789 0.0408 847.4092 4286.4978 4093.3095 3491.5572 2541.3037 1337.3963 
2.4720000 113.1398 713.1594 0.0406 847.4094 4264.8856 4072.6713 3473.9530 2528.4906 1330.6532 
2.4780000 112.5694 713.8365 0.0404 847.4097 4243.3823 4052.1371 3456.4376 2515.7421 1323.9441 
2.4840000 112.0018 714.5102 0.0402 847.4099 4221.9874 4031.7065 3439.0105 2503.0579 1317.2689 
2.4900000 111.4371 715.1806 0.0400 847.4102 4200.7004 4011.3789 3421.6712 2490.4377 1310.6273 
2.4960000 110.8752 715.8475 0.0398 847.4104 4179.5208 3991.1538 3404.4194 2477.8811 1304.0192 
2.5020000 110.3162 716.5111 0.0396 847.4106 4158.4479 3971.0307 3387.2545 2465.3878 1297.4445 
2.5080000 109.7600 717.1713 0.0394 847.4109 4137.4813 3951.0090 3370.1762 2452.9575 1290.9028 
2.5140000 109.2066 717.8282 0.0392 847.4111 4116.6203 3931.0882 3353.1840 2440.5898 1284.3942 
2.5200000 108.6560 718.4818 0.0390 847.4113 4095.8646 3911.2679 3336.2774 2428.2845 1277.9184 
2.5260000 108.1082 719.1320 0.0388 847.4116 4075.2135 3891.5476 3319.4562 2416.0413 1271.4752 
2.5320000 107.5631 719.7791 0.0386 847.4118 4054.6666 3871.9266 3302.7197 2403.8598 1265.0645 
2.5380000 107.0208 720.4228 0.0384 847.4120 4034.2232 3852.4046 3286.0676 2391.7397 1258.6861 
2.5440000 106.4812 721.0633 0.0382 847.4123 4013.8829 3832.9811 3269.4994 2379.6807 1252.3399 
2.5500000 105.9443 721.7006 0.0380 847.4125 3993.6451 3813.6554 3253.0148 2367.6825 1246.0257 
2.5560000 105.4101 722.3346 0.0378 847.4127 3973.5094 3794.4272 3236.6134 2355.7448 1239.7433 
2.5620000 104.8787 722.9655 0.0376 847.4130 3953.4753 3775.2960 3220.2946 2343.8673 1233.4926 
2.5680000 104.3499 723.5932 0.0374 847.4132 3933.5421 3756.2612 3204.0581 2332.0497 1227.2735 
2.5740000 103.8238 724.2177 0.0373 847.4134 3913.7094 3737.3223 3187.9034 2320.2916 1221.0856 
2.5800000 103.3003 724.8391 0.0371 847.4136 3893.9768 3718.4790 3171.8302 2308.5929 1214.9290 
2.5860000 102.7794 725.4573 0.0369 847.4138 3874.3436 3699.7307 3155.8380 2296.9531 1208.8034 
2.5920000 102.2612 726.0724 0.0367 847.4141 3854.8094 3681.0769 3139.9265 2285.3720 1202.7087 
2.5980000 101.7456 726.6844 0.0365 847.4143 3835.3737 3662.5171 3124.0952 2273.8493 1196.6447 
2.6040000 101.2327 727.2934 0.0363 847.4145 3816.0360 3644.0509 3108.3437 2262.3847 1190.6113 
2.6100000 100.7222 727.8992 0.0361 847.4147 3796.7958 3625.6779 3092.6717 2250.9779 1184.6083 
2.6160000 100.2144 728.5020 0.0360 847.4149 3777.6526 3607.3974 3077.0786 2239.6287 1178.6356 
2.6220000 99.7091 729.1018 0.0358 847.4152 3758.6059 3589.2092 3061.5642 2228.3366 1172.6930 
2.6280000 99.2064 729.6985 0.0356 847.4154 3739.6552 3571.1126 3046.1280 2217.1015 1166.7804 
2.6340000 98.7062 730.2923 0.0354 847.4156 3720.8001 3553.1073 3030.7696 2205.9230 1160.8976 
2.6400000 98.2085 730.8830 0.0352 847.4158 3702.0401 3535.1928 3015.4887 2194.8009 1155.0444 
2.6460000 97.7134 731.4708 0.0351 847.4160 3683.3747 3517.3685 3000.2848 2183.7348 1149.2207 
2.6520000 97.2207 732.0556 0.0349 847.4162 3664.8033 3499.6342 2985.1575 2172.7246 1143.4264 
2.6580000 96.7305 732.6374 0.0347 847.4164 3646.3256 3481.9893 2970.1066 2161.7699 1137.6614 
2.6640000 96.2428 733.2163 0.0345 847.4166 3627.9411 3464.4333 2955.1315 2150.8704 1131.9254 
2.6700000 95.7576 733.7923 0.0344 847.4168 3609.6492 3446.9659 2940.2319 2140.0258 1126.2183 
2.6760000 95.2748 734.3654 0.0342 847.4170 3591.4496 3429.5865 2925.4074 2129.2359 1120.5399 
2.6820000 94.7944 734.9356 0.0340 847.4173 3573.3418 3412.2947 2910.6577 2118.5005 1114.8903 
2.6880000 94.3165 735.5030 0.0338 847.4175 3555.3252 3395.0902 2895.9824 2107.8191 1109.2691 
2.6940000 93.8409 736.0674 0.0337 847.4177 3537.3995 3377.9723 2881.3810 2097.1917 1103.6762 
2.7000000 93.3678 736.6290 0.0335 847.4179 3519.5641 3360.9408 2866.8533 2086.6178 1098.1115 
2.7060000 92.8970 737.1878 0.0333 847.4181 3501.8187 3343.9952 2852.3988 2076.0972 1092.5749 
2.7120000 92.4287 737.7438 0.0332 847.4183 3484.1628 3327.1350 2838.0172 2065.6296 1087.0662 
2.7180000 91.9626 738.2970 0.0330 847.4185 3466.5959 3310.3598 2823.7081 2055.2148 1081.5853 
2.7240000 91.4990 738.8474 0.0328 847.4187 3449.1175 3293.6691 2809.4711 2044.8526 1076.1320 
2.7300000 91.0376 739.3950 0.0327 847.4189 3431.7273 3277.0627 2795.3060 2034.5426 1070.7063 
2.7360000 90.5786 739.9398 0.0325 847.4190 3414.4247 3260.5399 2781.2122 2024.2845 1065.3078 
2.7420000 90.1219 740.4819 0.0323 847.4192 3397.2094 3244.1005 2767.1895 2014.0782 1059.9366 
2.7480000 89.6675 741.0213 0.0322 847.4194 3380.0809 3227.7440 2753.2376 2003.9234 1054.5925 
2.7540000 89.2154 741.5579 0.0320 847.4196 3363.0388 3211.4699 2739.3559 1993.8197 1049.2753 
2.7600000 88.7656 742.0919 0.0319 847.4198 3346.0825 3195.2779 2725.5443 1983.7670 1043.9849 
2.7660000 88.3181 742.6231 0.0317 847.4200 3329.2118 3179.1675 2711.8022 1973.7650 1038.7212 
2.7720000 87.8728 743.1517 0.0315 847.4202 3312.4261 3163.1383 2698.1295 1963.8134 1033.4841 
2.7780000 87.4297 743.6776 0.0314 847.4204 3295.7251 3147.1900 2684.5257 1953.9120 1028.2733 
2.7840000 86.9889 744.2008 0.0312 847.4206 3279.1083 3131.3221 2670.9905 1944.0605 1023.0888 
2.7900000 86.5503 744.7214 0.0311 847.4208 3262.5752 3115.5341 2657.5236 1934.2587 1017.9305 
2.7960000 86.1139 745.2394 0.0309 847.4209 3246.1255 3099.8258 2644.1245 1924.5063 1012.7981 
2.8020000 85.6798 745.7548 0.0307 847.4211 3229.7588 3084.1967 2630.7930 1914.8030 1007.6917 
2.8080000 85.2478 746.2676 0.0306 847.4213 3213.4745 3068.6464 2617.5287 1905.1487 1002.6110 
2.8140000 84.8180 746.7778 0.0304 847.4215 3197.2724 3053.1745 2604.3313 1895.5431 997.5559 
2.8200000 84.3903 747.2854 0.0303 847.4217 3181.1520 3037.7806 2591.2004 1885.9859 992.5262 
2.8260000 83.9648 747.7905 0.0301 847.4219 3165.1128 3022.4643 2578.1358 1876.4769 987.5220 
2.8320000 83.5415 748.2930 0.0300 847.4220 3149.1545 3007.2252 2565.1370 1867.0158 982.5430 
2.8380000 83.1203 748.7930 0.0298 847.4222 3133.2767 2992.0630 2552.2037 1857.6024 977.5891 
2.8440000 82.7012 749.2904 0.0297 847.4224 3117.4789 2976.9772 2539.3357 1848.2365 972.6601 
2.8500000 82.2842 749.7854 0.0295 847.4226 3101.7608 2961.9675 2526.5325 1838.9178 967.7560 
2.8560000 81.8693 750.2778 0.0294 847.4228 3086.1219 2947.0334 2513.7939 1829.6461 962.8767 
2.8620000 81.4566 750.7678 0.0292 847.4229 3070.5619 2932.1747 2501.1195 1820.4212 958.0219 
2.8680000 81.0459 751.2553 0.0291 847.4231 3055.0803 2917.3908 2488.5090 1811.2427 953.1916 
2.8740000 80.6372 751.7404 0.0289 847.4233 3039.6768 2902.6815 2475.9621 1802.1106 948.3857 
2.8800000 80.2307 752.2230 0.0288 847.4235 3024.3509 2888.0464 2463.4785 1793.0244 943.6040 
2.8860000 79.8261 752.7031 0.0286 847.4236 3009.1024 2873.4851 2451.0578 1783.9841 938.8464 
2.8920000 79.4237 753.1809 0.0285 847.4238 2993.9307 2858.9971 2438.6997 1774.9894 934.1128 
2.8980000 79.0232 753.6562 0.0284 847.4240 2978.8355 2844.5823 2426.4040 1766.0400 929.4031 
2.9040000 78.6248 754.1292 0.0282 847.4241 2963.8164 2830.2401 2414.1702 1757.1358 924.7171 
2.9100000 78.2284 754.5997 0.0281 847.4243 2948.8730 2815.9702 2401.9981 1748.2764 920.0547 
2.9160000 77.8339 755.0679 0.0279 847.4245 2934.0050 2801.7722 2389.8874 1739.4617 915.4159 
2.9220000 77.4415 755.5337 0.0278 847.4246 2919.2119 2787.6459 2377.8377 1730.6914 910.8004 
2.9280000 77.0511 755.9972 0.0276 847.4248 2904.4934 2773.5908 2365.8488 1721.9654 906.2082 
2.9340000 76.6626 756.4583 0.0275 847.4250 2889.8492 2759.6065 2353.9204 1713.2834 901.6392 
2.9400000 76.2760 756.9171 0.0274 847.4251 2875.2787 2745.6927 2342.0521 1704.6451 897.0931 
2.9460000 75.8915 757.3736 0.0272 847.4253 2860.7818 2731.8491 2330.2436 1696.0504 892.5701 
2.9520000 75.5088 757.8278 0.0271 847.4255 2846.3579 2718.0753 2318.4946 1687.4990 888.0698 
2.9580000 75.1281 758.2797 0.0270 847.4256 2832.0067 2704.3710 2306.8049 1678.9908 883.5922 
2.9640000 74.7493 758.7294 0.0268 847.4258 2817.7279 2690.7357 2295.1742 1670.5254 879.1372 
2.9700000 74.3724 759.1767 0.0267 847.4259 2803.5211 2677.1692 2283.6021 1662.1027 874.7046 
2.9760000 73.9975 759.6218 0.0266 847.4261 2789.3860 2663.6711 2272.0883 1653.7225 870.2944 
2.9820000 73.6244 760.0647 0.0264 847.4263 2775.3221 2650.2410 2260.6326 1645.3846 865.9065 
2.9880000 73.2532 760.5053 0.0263 847.4264 2761.3291 2636.8787 2249.2346 1637.0886 861.5406 
2.9940000 72.8838 760.9437 0.0262 847.4266 2747.4066 2623.5837 2237.8941 1628.8345 857.1968 
3.0000000 72.5163 761.3799 0.0260 847.4267 2733.5544 2610.3558 2226.6108 1620.6221 852.8748 
3.0060000 72.1507 761.8139 0.0259 847.4269 2719.7720 2597.1945 2215.3844 1612.4510 848.5747 
3.0120000 71.7869 762.2457 0.0258 847.4271 2706.0591 2584.0996 2204.2146 1604.3211 844.2963 
3.0180000 71.4250 762.6754 0.0256 847.4272 2692.4153 2571.0708 2193.1010 1596.2322 840.0394 
3.0240000 71.0649 763.1028 0.0255 847.4274 2678.8403 2558.1076 2182.0436 1588.1841 835.8039 
3.0300000 70.7066 763.5282 0.0254 847.4275 2665.3338 2545.2098 2171.0419 1580.1766 831.5899 
3.0360000 70.3501 763.9513 0.0252 847.4277 2651.8953 2532.3770 2160.0956 1572.2095 827.3971 
3.0420000 69.9954 764.3724 0.0251 847.4278 2638.5247 2519.6089 2149.2045 1564.2825 823.2254 
3.0480000 69.6425 764.7913 0.0250 847.4280 2625.2214 2506.9052 2138.3684 1556.3955 819.0747 
3.0540000 69.2913 765.2081 0.0249 847.4281 2611.9852 2494.2656 2127.5869 1548.5482 814.9450 
3.0600000 68.9420 765.6228 0.0247 847.4283 2598.8157 2481.6897 2116.8597 1540.7406 810.8361 
3.0660000 68.5944 766.0354 0.0246 847.4284 2585.7127 2469.1771 2106.1867 1532.9722 806.7479 
3.0720000 68.2485 766.4459 0.0245 847.4286 2572.6757 2456.7277 2095.5674 1525.2431 802.6803 
3.0780000 67.9044 766.8543 0.0244 847.4287 2559.7044 2444.3410 2085.0017 1517.5529 798.6333 
3.0840000 67.5620 767.2607 0.0242 847.4289 2546.7986 2432.0168 2074.4892 1509.9015 794.6066 
3.0900000 67.2214 767.6651 0.0241 847.4290 2533.9578 2419.7548 2064.0298 1502.2887 790.6003 
3.0960000 66.8825 768.0674 0.0240 847.4291 2521.1817 2407.5545 2053.6231 1494.7143 786.6141 
3.1020000 66.5453 768.4677 0.0239 847.4293 2508.4701 2395.4158 2043.2689 1487.1780 782.6481 
3.1080000 66.2097 768.8659 0.0238 847.4294 2495.8225 2383.3383 2032.9668 1479.6797 778.7020 
3.1140000 65.8759 769.2622 0.0236 847.4296 2483.2388 2371.3216 2022.7168 1472.2193 774.7758 
3.1200000 65.5438 769.6565 0.0235 847.4297 2470.7184 2359.3656 2012.5183 1464.7965 770.8695 
3.1260000 65.2133 770.0487 0.0234 847.4299 2458.2612 2347.4698 2002.3714 1457.4111 766.9828 
3.1320000 64.8845 770.4390 0.0233 847.4300 2445.8668 2335.6340 1992.2755 1450.0629 763.1157 
3.1380000 64.5574 770.8273 0.0232 847.4301 2433.5349 2323.8579 1982.2306 1442.7518 759.2681 
3.1440000 64.2319 771.2137 0.0230 847.4303 2421.2652 2312.1412 1972.2363 1435.4775 755.4400 
3.1500000 63.9080 771.5981 0.0229 847.4304 2409.0574 2300.4835 1962.2924 1428.2399 751.6311 
3.1560000 63.5858 771.9806 0.0228 847.4305 2396.9110 2288.8846 1952.3987 1421.0388 747.8414 
3.1620000 63.2652 772.3611 0.0227 847.4307 2384.8260 2277.3442 1942.5548 1413.8740 744.0708 
3.1680000 62.9462 772.7398 0.0226 847.4308 2372.8018 2265.8620 1932.7606 1406.7454 740.3193 
3.1740000 62.6289 773.1165 0.0225 847.4310 2360.8383 2254.4377 1923.0157 1399.6527 736.5866 
3.1800000 62.3131 773.4913 0.0224 847.4311 2348.9351 2243.0709 1913.3200 1392.5957 732.8728 
3.1860000 61.9989 773.8643 0.0222 847.4312 2337.0920 2231.7615 1903.6732 1385.5743 729.1777 
3.1920000 61.6863 774.2353 0.0221 847.4314 2325.3085 2220.5091 1894.0750 1378.5884 725.5013 
3.1980000 61.3753 774.6045 0.0220 847.4315 2313.5844 2209.3135 1884.5252 1371.6376 721.8433 
3.2040000 61.0658 774.9718 0.0219 847.4316 2301.9195 2198.1742 1875.0235 1364.7219 718.2038 
3.2100000 60.7579 775.3373 0.0218 847.4317 2290.3134 2187.0912 1865.5698 1357.8411 714.5827 
3.2160000 60.4516 775.7009 0.0217 847.4319 2278.7658 2176.0640 1856.1637 1350.9949 710.9798 
3.2220000 60.1468 776.0627 0.0216 847.4320 2267.2764 2165.0924 1846.8051 1344.1833 707.3951 
3.2280000 59.8436 776.4227 0.0215 847.4321 2255.8449 2154.1762 1837.4936 1337.4060 703.8285 
3.2340000 59.5418 776.7808 0.0214 847.4323 2244.4711 2143.3150 1828.2291 1330.6629 700.2798 
3.2400000 59.2416 777.1372 0.0213 847.4324 2233.1546 2132.5085 1819.0112 1323.9538 696.7490 
3.2460000 58.9429 777.4917 0.0212 847.4325 2221.8952 2121.7566 1809.8399 1317.2785 693.2361 
3.2520000 58.6457 777.8445 0.0210 847.4326 2210.6925 2111.0588 1800.7148 1310.6368 689.7408 
3.2580000 58.3501 778.1955 0.0209 847.4328 2199.5464 2100.4150 1791.6357 1304.0287 686.2632 
3.2640000 58.0559 778.5447 0.0208 847.4329 2188.4564 2089.8248 1782.6024 1297.4539 682.8031 
3.2700000 57.7632 778.8921 0.0207 847.4330 2177.4224 2079.2881 1773.6147 1290.9122 679.3605 
3.2760000 57.4719 779.2378 0.0206 847.4331 2166.4439 2068.8044 1764.6722 1284.4035 675.9352 
3.2820000 57.1821 779.5818 0.0205 847.4333 2155.5209 2058.3736 1755.7748 1277.9276 672.5271 
3.2880000 56.8938 779.9240 0.0204 847.4334 2144.6529 2047.9955 1746.9223 1271.4844 669.1363 
3.2940000 56.6070 780.2645 0.0203 847.4335 2133.8397 2037.6696 1738.1145 1265.0737 665.7626 
3.3000000 56.3216 780.6033 0.0202 847.4336 2123.0810 2027.3958 1729.3510 1258.6952 662.4058 
3.3060000 56.0376 780.9404 0.0201 847.4338 2112.3765 2017.1738 1720.6317 1252.3490 659.0660 
3.3120000 55.7551 781.2758 0.0200 847.4339 2101.7261 2007.0033 1711.9564 1246.0347 655.7431 
3.3180000 55.4739 781.6094 0.0199 847.4340 2091.1293 1996.8842 1703.3249 1239.7523 652.4368 
3.3240000 55.1943 781.9414 0.0198 847.4341 2080.5860 1986.8160 1694.7368 1233.5015 649.1473 
3.3300000 54.9160 782.2718 0.0197 847.4342 2070.0958 1976.7986 1686.1920 1227.2823 645.8743 
3.3360000 54.6391 782.6004 0.0196 847.4344 2059.6585 1966.8317 1677.6904 1221.0944 642.6179 
3.3420000 54.3636 782.9274 0.0195 847.4345 2049.2739 1956.9151 1669.2316 1214.9377 639.3779 
3.3480000 54.0895 783.2528 0.0194 847.4346 2038.9415 1947.0484 1660.8154 1208.8121 636.1541 
3.3540000 53.8168 783.5765 0.0193 847.4347 2028.6613 1937.2316 1652.4417 1202.7174 632.9467 
3.3600000 53.5454 783.8986 0.0192 847.4348 2018.4330 1927.4642 1644.1102 1196.6533 629.7554 
3.3660000 53.2755 784.2191 0.0191 847.4349 2008.2562 1917.7460 1635.8207 1190.6199 626.5802 
3.3720000 53.0069 784.5379 0.0190 847.4350 1998.1307 1908.0769 1627.5730 1184.6169 623.4211 
3.3780000 52.7396 784.8551 0.0189 847.4352 1988.0562 1898.4565 1619.3669 1178.6441 620.2778 
3.3840000 52.4737 785.1708 0.0188 847.4353 1978.0326 1888.8846 1611.2021 1172.7015 617.1504 
3.3900000 52.2091 785.4848 0.0187 847.4354 1968.0594 1879.3609 1603.0786 1166.7888 614.0388 
3.3960000 51.9459 785.7973 0.0186 847.4355 1958.1366 1869.8853 1594.9959 1160.9059 610.9428 
3.4020000 51.6840 786.1082 0.0185 847.4356 1948.2638 1860.4575 1586.9541 1155.0527 607.8625 
3.4080000 51.4234 786.4175 0.0185 847.4357 1938.4408 1851.0772 1578.9528 1149.2290 604.7977 
3.4140000 51.1641 786.7253 0.0184 847.4358 1928.6673 1841.7442 1570.9918 1143.4346 601.7484 
3.4200000 50.9062 787.0315 0.0183 847.4359 1918.9431 1832.4582 1563.0709 1137.6695 598.7144 
3.4260000 50.6495 787.3361 0.0182 847.4361 1909.2679 1823.2191 1555.1900 1131.9335 595.6957 
3.4320000 50.3941 787.6393 0.0181 847.4362 1899.6415 1814.0265 1547.3489 1126.2263 592.6922 
3.4380000 50.1400 787.9409 0.0180 847.4363 1890.0636 1804.8803 1539.5472 1120.5480 589.7039 
3.4440000 49.8872 788.2409 0.0179 847.4364 1880.5341 1795.7802 1531.7849 1114.8982 586.7307 
3.4500000 49.6357 788.5395 0.0178 847.4365 1871.0525 1786.7260 1524.0618 1109.2770 583.7724 
3.4560000 49.3854 788.8366 0.0177 847.4366 1861.6188 1777.7175 1516.3776 1103.6841 580.8291 
3.4620000 49.1364 789.1321 0.0176 847.4367 1852.2326 1768.7543 1508.7321 1098.1194 577.9006 
3.4680000 48.8887 789.4262 0.0175 847.4368 1842.8938 1759.8364 1501.1252 1092.5827 574.9868 
3.4740000 48.6422 789.7188 0.0175 847.4369 1833.6021 1750.9634 1493.5566 1087.0740 572.0878 
3.4800000 48.3970 790.0099 0.0174 847.4370 1824.3572 1742.1352 1486.0262 1081.5931 569.2034 
3.4860000 48.1529 790.2996 0.0173 847.4371 1815.1589 1733.3514 1478.5337 1076.1397 566.3335 
3.4920000 47.9102 790.5877 0.0172 847.4372 1806.0070 1724.6120 1471.0791 1070.7139 563.4781 
3.4980000 47.6686 790.8745 0.0171 847.4373 1796.9012 1715.9166 1463.6620 1065.3154 560.6370 
3.5040000 47.4283 791.1598 0.0170 847.4374 1787.8413 1707.2651 1456.2823 1059.9442 557.8103 
3.5100000 47.1891 791.4436 0.0169 847.4375 1778.8271 1698.6572 1448.9398 1054.6000 554.9979 
3.5160000 46.9512 791.7260 0.0168 847.4376 1769.8584 1690.0926 1441.6343 1049.2828 552.1996 
3.5220000 46.7145 792.0070 0.0168 847.4377 1760.9349 1681.5713 1434.3657 1043.9924 549.4155 
3.5280000 46.4789 792.2866 0.0167 847.4378 1752.0564 1673.0929 1427.1337 1038.7286 546.6454 
3.5340000 46.2446 792.5648 0.0166 847.4379 1743.2226 1664.6573 1419.9382 1033.4914 543.8892 
3.5400000 46.0114 792.8415 0.0165 847.4380 1734.4334 1656.2642 1412.7790 1028.2806 541.1470 
3.5460000 45.7795 793.1169 0.0164 847.4381 1725.6885 1647.9134 1405.6558 1023.0961 538.4185 
3.5520000 45.5486 793.3909 0.0163 847.4382 1716.9877 1639.6048 1398.5686 1017.9377 535.7039 
3.5580000 45.3190 793.6635 0.0163 847.4383 1708.3308 1631.3380 1391.5171 1012.8054 533.0029 
3.5640000 45.0905 793.9347 0.0162 847.4384 1699.7175 1623.1129 1384.5012 1007.6989 530.3155 
3.5700000 44.8631 794.2046 0.0161 847.4385 1691.1476 1614.9292 1377.5206 1002.6181 527.6417 
3.5760000 44.6369 794.4731 0.0160 847.4386 1682.6210 1606.7869 1370.5753 997.5630 524.9814 
3.5820000 44.4119 794.7402 0.0159 847.4387 1674.1373 1598.6856 1363.6649 992.5333 522.3344 
3.5880000 44.1880 795.0060 0.0159 847.4388 1665.6964 1590.6251 1356.7894 987.5290 519.7009 
3.5940000 43.9652 795.2705 0.0158 847.4389 1657.2981 1582.6053 1349.9486 982.5500 517.0806 
3.6000000 43.7435 795.5336 0.0157 847.4390 1648.9421 1574.6259 1343.1422 977.5960 514.4735 
3.6060000 43.5230 795.7954 0.0156 847.4391 1640.6282 1566.6867 1336.3702 972.6671 511.8795 
3.6120000 43.3035 796.0559 0.0155 847.4392 1632.3563 1558.7876 1329.6323 967.7629 509.2987 
3.6180000 43.0852 796.3150 0.0155 847.4393 1624.1260 1550.9283 1322.9284 962.8835 506.7308 
3.6240000 42.8679 796.5729 0.0154 847.4394 1615.9373 1543.1086 1316.2582 958.0287 504.1759 
3.6300000 42.6518 796.8295 0.0153 847.4395 1607.7899 1535.3283 1309.6217 953.1984 501.6339 
3.6360000 42.4368 797.0847 0.0152 847.4396 1599.6835 1527.5873 1303.0187 948.3925 499.1047 
3.6420000 42.2228 797.3387 0.0152 847.4396 1591.6180 1519.8853 1296.4490 943.6107 496.5882 
3.6480000 42.0099 797.5914 0.0151 847.4397 1583.5932 1512.2222 1289.9124 938.8531 494.0845 
3.6540000 41.7981 797.8428 0.0150 847.4398 1575.6088 1504.5976 1283.4087 934.1195 491.5933 
3.6600000 41.5874 798.0930 0.0149 847.4399 1567.6647 1497.0116 1276.9379 929.4097 489.1147 
3.6660000 41.3777 798.3419 0.0148 847.4400 1559.7606 1489.4637 1270.4996 924.7237 486.6487 
3.6720000 41.1691 798.5895 0.0148 847.4401 1551.8964 1481.9539 1264.0938 920.0613 484.1950 
3.6780000 40.9615 798.8359 0.0147 847.4402 1544.0718 1474.4820 1257.7204 915.4224 481.7537 
3.6840000 40.7550 799.0810 0.0146 847.4403 1536.2867 1467.0478 1251.3790 910.8069 479.3248 
3.6900000 40.5495 799.3250 0.0146 847.4404 1528.5409 1459.6510 1245.0696 906.2147 476.9080 
3.6960000 40.3450 799.5676 0.0145 847.4404 1520.8341 1452.2916 1238.7921 901.6456 474.5035 
3.7020000 40.1416 799.8091 0.0144 847.4405 1513.1661 1444.9692 1232.5462 897.0995 472.1111 
3.7080000 39.9392 800.0493 0.0143 847.4406 1505.5368 1437.6838 1226.3318 892.5764 469.7307 
3.7140000 39.7378 800.2884 0.0143 847.4407 1497.9460 1430.4351 1220.1487 888.0761 467.3624 
3.7200000 39.5375 800.5262 0.0142 847.4408 1490.3935 1423.2229 1213.9968 883.5985 465.0060 
3.7260000 39.3381 800.7628 0.0141 847.4409 1482.8790 1416.0471 1207.8759 879.1434 462.6614 
3.7320000 39.1398 800.9983 0.0140 847.4410 1475.4024 1408.9075 1201.7858 874.7109 460.3287 
3.7380000 38.9425 801.2325 0.0140 847.4410 1467.9635 1401.8039 1195.7265 870.3006 458.0078 
3.7440000 38.7461 801.4656 0.0139 847.4411 1460.5622 1394.7361 1189.6977 865.9126 455.6985 
3.7500000 38.5508 801.6974 0.0138 847.4412 1453.1981 1387.7039 1183.6994 861.5468 453.4009 
3.7560000 38.3564 801.9282 0.0138 847.4413 1445.8712 1380.7072 1177.7312 857.2029 451.1149 
3.7620000 38.1630 802.1577 0.0137 847.4414 1438.5812 1373.7457 1171.7932 852.8809 448.8404 
3.7680000 37.9706 802.3861 0.0136 847.4415 1431.3280 1366.8194 1165.8851 848.5808 446.5774 
3.7740000 37.7791 802.6134 0.0136 847.4415 1424.1113 1359.9280 1160.0068 844.3023 444.3258 
3.7800000 37.5887 802.8395 0.0135 847.4416 1416.9310 1353.0713 1154.1581 840.0454 442.0855 
3.7860000 37.3991 803.0644 0.0134 847.4417 1409.7869 1346.2492 1148.3389 835.8099 439.8566 
3.7920000 37.2106 803.2883 0.0134 847.4418 1402.6789 1339.4615 1142.5490 831.5958 437.6388 
3.7980000 37.0230 803.5110 0.0133 847.4419 1395.6067 1332.7080 1136.7884 827.4029 435.4323 
3.8040000 36.8363 803.7325 0.0132 847.4419 1388.5701 1325.9886 1131.0568 823.2312 433.2369 
3.8100000 36.6506 803.9530 0.0132 847.4420 1381.5690 1319.3031 1125.3541 819.0806 431.0525 
3.8160000 36.4658 804.1723 0.0131 847.4421 1374.6033 1312.6512 1119.6801 814.9508 428.8792 
3.8220000 36.2819 804.3906 0.0130 847.4422 1367.6726 1306.0329 1114.0347 810.8419 426.7168 
3.8280000 36.0990 804.6077 0.0130 847.4423 1360.7769 1299.4480 1108.4179 806.7537 424.5653 
3.8340000 35.9170 804.8238 0.0129 847.4423 1353.9159 1292.8963 1102.8293 802.6861 422.4247 
3.8400000 35.7359 805.0387 0.0128 847.4424 1347.0896 1286.3776 1097.2689 798.6390 420.2948 
3.8460000 35.5557 805.2526 0.0128 847.4425 1340.2976 1279.8917 1091.7365 794.6123 418.1757 
3.8520000 35.3764 805.4654 0.0127 847.4426 1333.5399 1273.4386 1086.2321 790.6059 416.0673 
3.8580000 35.1981 805.6771 0.0126 847.4426 1326.8163 1267.0180 1080.7554 786.6197 413.9695 
3.8640000 35.0206 805.8878 0.0126 847.4427 1320.1266 1260.6298 1075.3063 782.6536 411.8823 
3.8700000 34.8440 806.0974 0.0125 847.4428 1313.4706 1254.2738 1069.8846 778.7076 409.8057 
3.8760000 34.6684 806.3059 0.0124 847.4429 1306.8482 1247.9498 1064.4903 774.7814 407.7394 
3.8820000 34.4936 806.5134 0.0124 847.4429 1300.2591 1241.6577 1059.1233 770.8750 405.6836 
3.8880000 34.3197 806.7198 0.0123 847.4430 1293.7033 1235.3974 1053.7832 766.9883 403.6382 
3.8940000 34.1466 806.9252 0.0123 847.4431 1287.1805 1229.1686 1048.4701 763.1212 401.6031 
3.9000000 33.9745 807.1296 0.0122 847.4432 1280.6907 1222.9712 1043.1838 759.2735 399.5782 
3.9060000 33.8032 807.3329 0.0121 847.4432 1274.2335 1216.8050 1037.9241 755.4453 397.5636 
3.9120000 33.6327 807.5352 0.0121 847.4433 1267.8089 1210.6700 1032.6910 751.6364 395.5591 
3.9180000 33.4631 807.7365 0.0120 847.4434 1261.4167 1204.5659 1027.4842 747.8467 393.5647 
3.9240000 33.2944 807.9368 0.0119 847.4434 1255.0567 1198.4925 1022.3037 744.0761 391.5804 
3.9300000 33.1266 808.1360 0.0119 847.4435 1248.7288 1192.4498 1017.1493 740.3246 389.6061 
3.9360000 32.9595 808.3343 0.0118 847.4436 1242.4328 1186.4376 1012.0209 736.5919 387.6417 
3.9420000 32.7934 808.5316 0.0118 847.4437 1236.1685 1180.4556 1006.9184 732.8780 385.6872 
3.9480000 32.6280 808.7278 0.0117 847.4437 1229.9358 1174.5038 1001.8416 729.1829 383.7426 
3.9540000 32.4635 808.9231 0.0116 847.4438 1223.7346 1168.5821 996.7904 725.5064 381.8078 
3.9600000 32.2998 809.1174 0.0116 847.4439 1217.5646 1162.6902 991.7646 721.8485 379.8828 
3.9660000 32.1370 809.3107 0.0115 847.4439 1211.4257 1156.8279 986.7642 718.2090 377.9674 
3.9720000 31.9749 809.5030 0.0115 847.4440 1205.3178 1150.9953 981.7890 714.5878 376.0617 
3.9780000 31.8137 809.6944 0.0114 847.4441 1199.2407 1145.1920 976.8389 710.9849 374.1657 
3.9840000 31.6533 809.8848 0.0114 847.4441 1193.1942 1139.4181 971.9137 707.4001 372.2791 
3.9900000 31.4937 810.0742 0.0113 847.4442 1187.1782 1133.6732 967.0134 703.8335 370.4021 
3.9960000 31.3349 810.2627 0.0112 847.4443 1181.1925 1127.9573 962.1378 700.2848 368.5346 
4.0020000 31.1770 810.4502 0.0112 847.4443 1175.2370 1122.2702 957.2867 696.7540 366.6765 
4.0080000 31.0198 810.6368 0.0111 847.4444 1169.3115 1116.6118 952.4602 693.2410 364.8277 
4.0140000 30.8634 810.8225 0.0111 847.4445 1163.4159 1110.9819 947.6579 689.7457 362.9883 
4.0200000 30.7077 811.0072 0.0110 847.4445 1157.5501 1105.3804 942.8799 686.2681 361.1581 
4.0260000 30.5529 811.1910 0.0110 847.4446 1151.7138 1099.8071 938.1259 682.8080 359.3372 
4.0320000 30.3989 811.3738 0.0109 847.4447 1145.9069 1094.2620 933.3960 679.3653 357.5254 
4.0380000 30.2456 811.5558 0.0109 847.4447 1140.1293 1088.7448 928.6899 675.9400 355.7228 
4.0440000 30.0931 811.7368 0.0108 847.4448 1134.3808 1083.2554 924.0075 672.5319 353.9293 
4.0500000 29.9414 811.9169 0.0107 847.4449 1128.6614 1077.7937 919.3487 669.1411 352.1448 
4.0560000 29.7904 812.0961 0.0107 847.4449 1122.9707 1072.3595 914.7134 665.7673 350.3693 
4.0620000 29.6402 812.2744 0.0106 847.4450 1117.3088 1066.9528 910.1015 662.4106 348.6027 
4.0680000 29.4908 812.4518 0.0106 847.4451 1111.6754 1061.5733 905.5128 659.0707 346.8451 
4.0740000 29.3421 812.6283 0.0105 847.4451 1106.0704 1056.2209 900.9472 655.7477 345.0963 
4.0800000 29.1941 812.8039 0.0105 847.4452 1100.4937 1050.8955 896.4047 652.4415 343.3564 
4.0860000 29.0469 812.9786 0.0104 847.4453 1094.9450 1045.5969 891.8851 649.1519 341.6252 
4.0920000 28.9005 813.1524 0.0104 847.4453 1089.4244 1040.3251 887.3883 645.8789 339.9028 
4.0980000 28.7548 813.3254 0.0103 847.4454 1083.9316 1035.0799 882.9141 642.6225 338.1890 
4.1040000 28.6098 813.4975 0.0103 847.4454 1078.4665 1029.8611 878.4625 639.3824 336.4839 
4.1100000 28.4656 813.6687 0.0102 847.4455 1073.0289 1024.6686 874.0334 636.1587 334.7873 
4.1160000 28.3220 813.8391 0.0102 847.4456 1067.6188 1019.5023 869.6266 632.9512 333.0994 
4.1220000 28.1792 814.0086 0.0101 847.4456 1062.2359 1014.3620 865.2420 629.7599 331.4199 
4.1280000 28.0372 814.1772 0.0101 847.4457 1056.8802 1009.2476 860.8795 626.5847 329.7489 
4.1340000 27.8958 814.3450 0.0100 847.4457 1051.5515 1004.1591 856.5390 623.4255 328.0863 
4.1400000 27.7551 814.5120 0.0100 847.4458 1046.2496 999.0962 852.2204 620.2822 326.4321 
4.1460000 27.6152 814.6781 0.0099 847.4459 1040.9745 994.0588 847.9235 617.1548 324.7863 
4.1520000 27.4760 814.8434 0.0099 847.4459 1035.7260 989.0468 843.6483 614.0432 323.1487 
4.1580000 27.3374 815.0078 0.0098 847.4460 1030.5039 984.0601 839.3947 610.9472 321.5194 
4.1640000 27.1996 815.1714 0.0098 847.4460 1025.3082 979.0985 835.1626 607.8668 319.8984 
4.1700000 27.0625 815.3342 0.0097 847.4461 1020.1386 974.1620 830.9517 604.8020 318.2855 
4.1760000 26.9260 815.4961 0.0097 847.4462 1014.9952 969.2503 826.7621 601.7526 316.6807 
4.1820000 26.7903 815.6573 0.0096 847.4462 1009.8776 964.3634 822.5936 598.7186 315.0840 
4.1880000 26.6552 815.8176 0.0096 847.4463 1004.7859 959.5012 818.4462 595.6999 313.4954 
4.1940000 26.5208 815.9772 0.0095 847.4463 999.7198 954.6634 814.3196 592.6965 311.9147 
4.2000000 26.3871 816.1359 0.0095 847.4464 994.6793 949.8501 810.2139 589.7081 310.3421 
4.2060000 26.2540 816.2938 0.0094 847.4464 989.6642 945.0610 806.1288 586.7349 308.7774 
4.2120000 26.1217 816.4509 0.0094 847.4465 984.6744 940.2961 802.0644 583.7766 307.2205 
4.2180000 25.9900 816.6073 0.0093 847.4466 979.7097 935.5552 798.0204 580.8332 305.6715 
4.2240000 25.8589 816.7628 0.0093 847.4466 974.7701 930.8381 793.9969 577.9047 304.1304 
4.2300000 25.7285 816.9176 0.0092 847.4467 969.8554 926.1449 789.9936 574.9909 302.5970 
4.2360000 25.5988 817.0716 0.0092 847.4467 964.9654 921.4754 786.0105 572.0919 301.0713 
4.2420000 25.4698 817.2248 0.0091 847.4468 960.1001 916.8293 782.0475 569.2074 299.5533 
4.2480000 25.3413 817.3772 0.0091 847.4468 955.2594 912.2067 778.1044 566.3375 298.0430 
4.2540000 25.2136 817.5289 0.0090 847.4469 950.4430 907.6075 774.1813 563.4821 296.5403 
4.2600000 25.0864 817.6797 0.0090 847.4469 945.6509 903.0314 770.2779 560.6410 295.0451 
4.2660000 24.9600 817.8299 0.0090 847.4470 940.8830 898.4783 766.3942 557.8143 293.5575 
4.2720000 24.8341 817.9793 0.0089 847.4470 936.1391 893.9483 762.5301 555.0019 292.0774 
4.2780000 24.7089 818.1279 0.0089 847.4471 931.4192 889.4410 758.6855 552.2036 290.6048 
4.2840000 24.5843 818.2758 0.0088 847.4472 926.7230 884.9565 754.8602 549.4194 289.1396 
4.2900000 24.4604 818.4229 0.0088 847.4472 922.0506 880.4946 751.0543 546.6493 287.6818 
4.2960000 24.3370 818.5693 0.0087 847.4473 917.4016 876.0552 747.2675 543.8931 286.2313 
4.3020000 24.2143 818.7150 0.0087 847.4473 912.7762 871.6382 743.4998 541.1508 284.7881 
4.3080000 24.0922 818.8599 0.0086 847.4474 908.1740 867.2435 739.7512 538.4224 283.3522 
4.3140000 23.9708 819.0041 0.0086 847.4474 903.5951 862.8709 736.0214 535.7077 281.9236 
4.3200000 23.8499 819.1475 0.0086 847.4475 899.0392 858.5204 732.3104 533.0067 280.5022 
4.3260000 23.7297 819.2903 0.0085 847.4475 894.5063 854.1918 728.6182 530.3193 279.0879 
4.3320000 23.6100 819.4323 0.0085 847.4476 889.9962 849.8850 724.9445 527.6455 277.6807 
4.3380000 23.4910 819.5736 0.0084 847.4476 885.5089 845.5999 721.2894 524.9851 276.2807 
4.3440000 23.3725 819.7142 0.0084 847.4477 881.0443 841.3365 717.6527 522.3382 274.8877 
4.3500000 23.2547 819.8540 0.0083 847.4477 876.6021 837.0945 714.0343 519.7046 273.5017 
4.3560000 23.1374 819.9932 0.0083 847.4478 872.1823 832.8739 710.4342 517.0842 272.1228 
4.3620000 23.0208 820.1317 0.0083 847.4478 867.7848 828.6746 706.8523 514.4771 270.7507 
4.3680000 22.9047 820.2695 0.0082 847.4479 863.4095 824.4965 703.2884 511.8832 269.3856 
4.3740000 22.7892 820.4066 0.0082 847.4479 859.0563 820.3394 699.7424 509.3023 268.0274 
4.3800000 22.6743 820.5429 0.0081 847.4480 854.7250 816.2033 696.2144 506.7344 266.6760 
4.3860000 22.5600 820.6786 0.0081 847.4480 850.4155 812.0881 692.7041 504.1795 265.3315 
4.3920000 22.4463 820.8137 0.0081 847.4481 846.1278 807.9936 689.2115 501.6375 263.9937 
4.3980000 22.3331 820.9480 0.0080 847.4481 841.8616 803.9198 685.7366 499.1082 262.6626 
4.4040000 22.2205 821.0817 0.0080 847.4482 837.6170 799.8664 682.2791 496.5918 261.3383 
4.4100000 22.1085 821.2146 0.0079 847.4482 833.3938 795.8336 678.8391 494.0880 260.0207 
4.4160000 21.9970 821.3470 0.0079 847.4483 829.1919 791.8210 675.4165 491.5968 258.7097 
4.4220000 21.8861 821.4786 0.0079 847.4483 825.0112 787.8287 672.0111 489.1182 257.4053 
4.4280000 21.7757 821.6096 0.0078 847.4484 820.8515 783.8565 668.6228 486.6521 256.1074 
4.4340000 21.6659 821.7399 0.0078 847.4484 816.7128 779.9044 665.2517 484.1985 254.8162 
4.4400000 21.5567 821.8696 0.0077 847.4484 812.5950 775.9722 661.8975 481.7572 253.5314 
4.4460000 21.4480 821.9986 0.0077 847.4485 808.4980 772.0598 658.5603 479.3282 252.2531 
4.4520000 21.3399 822.1270 0.0077 847.4485 804.4216 768.1671 655.2399 476.9114 250.9813 
4.4580000 21.2323 822.2547 0.0076 847.4486 800.3657 764.2940 651.9362 474.5069 249.7158 
4.4640000 21.1252 822.3817 0.0076 847.4486 796.3303 760.4405 648.6492 472.1144 248.4568 
4.4700000 21.0187 822.5082 0.0075 847.4487 792.3153 756.6064 645.3787 469.7341 247.2041 
4.4760000 20.9127 822.6340 0.0075 847.4487 788.3205 752.7917 642.1247 467.3657 245.9577 
4.4820000 20.8073 822.7591 0.0075 847.4488 784.3458 748.9961 638.8872 465.0093 244.7176 
4.4880000 20.7024 822.8837 0.0074 847.4488 780.3912 745.2197 635.6660 462.6647 243.4837 
4.4940000 20.5980 823.0076 0.0074 847.4489 776.4565 741.4624 632.4610 460.3320 242.2561 
4.5000000 20.4942 823.1308 0.0074 847.4489 772.5417 737.7240 629.2722 458.0110 241.0347 
4.5060000 20.3908 823.2535 0.0073 847.4489 768.6466 734.0044 626.0994 455.7018 239.8194 
4.5120000 20.2880 823.3755 0.0073 847.4490 764.7711 730.3036 622.9427 453.4042 238.6102 
4.5180000 20.1857 823.4969 0.0072 847.4490 760.9152 726.6215 619.8018 451.1181 237.4072 
4.5240000 20.0840 823.6178 0.0072 847.4491 757.0787 722.9579 616.6768 448.8436 236.2102 
4.5300000 19.9827 823.7380 0.0072 847.4491 753.2616 719.3128 613.5676 446.5806 235.0192 
4.5360000 19.8819 823.8575 0.0071 847.4492 749.4637 715.6861 610.4740 444.3290 233.8343 
4.5420000 19.7817 823.9765 0.0071 847.4492 745.6849 712.0776 607.3960 442.0887 232.6553 
4.5480000 19.6820 824.0949 0.0071 847.4492 741.9252 708.4874 604.3336 439.8597 231.4823 
4.5540000 19.5827 824.2127 0.0070 847.4493 738.1845 704.9152 601.2866 437.6419 230.3151 
4.5600000 19.4840 824.3299 0.0070 847.4493 734.4626 701.3611 598.2549 435.4354 229.1539 
4.5660000 19.3858 824.4465 0.0070 847.4494 730.7595 697.8249 595.2386 433.2400 227.9985 
4.5720000 19.2880 824.5625 0.0069 847.4494 727.0751 694.3065 592.2374 431.0556 226.8490 
4.5780000 19.1908 824.6780 0.0069 847.4495 723.4092 690.8058 589.2514 428.8822 225.7052 
4.5840000 19.0940 824.7928 0.0069 847.4495 719.7618 687.3229 586.2804 426.7198 224.5672 
4.5900000 18.9977 824.9071 0.0068 847.4495 716.1328 683.8574 583.3244 424.5683 223.4350 
4.5960000 18.9019 825.0208 0.0068 847.4496 712.5221 680.4094 580.3834 422.4277 222.3084 
4.6020000 18.8066 825.1339 0.0067 847.4496 708.9296 676.9789 577.4571 420.2978 221.1876 
4.6080000 18.7118 825.2465 0.0067 847.4497 705.3553 673.5656 574.5456 418.1787 220.0724 
4.6140000 18.6175 825.3585 0.0067 847.4497 701.7989 670.1695 571.6488 416.0703 218.9628 
4.6200000 18.5236 825.4699 0.0066 847.4497 698.2605 666.7906 568.7666 413.9725 217.8588 
4.6260000 18.4302 825.5808 0.0066 847.4498 694.7399 663.4286 565.8989 411.8853 216.7603 
4.6320000 18.3373 825.6911 0.0066 847.4498 691.2371 660.0837 563.0456 409.8086 215.6675 
4.6380000 18.2448 825.8008 0.0065 847.4499 687.7519 656.7556 560.2068 407.7423 214.5801 
4.6440000 18.1528 825.9100 0.0065 847.4499 684.2843 653.4443 557.3823 405.6865 213.4982 
4.6500000 18.0613 826.0186 0.0065 847.4499 680.8342 650.1496 554.5720 403.6411 212.4217 
4.6560000 17.9703 826.1267 0.0064 847.4500 677.4014 646.8716 551.7759 401.6060 211.3507 
4.6620000 17.8797 826.2343 0.0064 847.4500 673.9860 643.6101 548.9939 399.5811 210.2851 
4.6680000 17.7895 826.3413 0.0064 847.4500 670.5878 640.3651 546.2259 397.5664 209.2248 
4.6740000 17.6998 826.4478 0.0064 847.4501 667.2068 637.1364 543.4718 395.5619 208.1700 
4.6800000 17.6106 826.5537 0.0063 847.4501 663.8428 633.9240 540.7317 393.5675 207.1204 
4.6860000 17.5218 826.6591 0.0063 847.4502 660.4957 630.7278 538.0054 391.5832 206.0761 
4.6920000 17.4334 826.7640 0.0063 847.4502 657.1655 627.5477 535.2928 389.6088 205.0371 
4.6980000 17.3455 826.8683 0.0062 847.4502 653.8522 624.3837 532.5939 387.6445 204.0033 
4.7040000 17.2581 826.9721 0.0062 847.4503 650.5555 621.2356 529.9086 385.6900 202.9747 
4.7100000 17.1711 827.0754 0.0062 847.4503 647.2754 618.1033 527.2368 383.7454 201.9513 
4.7160000 17.0845 827.1781 0.0061 847.4504 644.0119 614.9869 524.5785 381.8105 200.9331 
4.7220000 16.9984 827.2804 0.0061 847.4504 640.7648 611.8862 521.9336 379.8855 199.9200 
4.7280000 16.9126 827.3821 0.0061 847.4504 637.5341 608.8011 519.3020 377.9701 198.9120 
4.7340000 16.8274 827.4833 0.0060 847.4505 634.3197 605.7316 516.6838 376.0644 197.9091 
4.7400000 16.7425 827.5841 0.0060 847.4505 631.1215 602.6775 514.0787 374.1683 196.9113 
4.7460000 16.6581 827.6843 0.0060 847.4505 627.9395 599.6388 511.4867 372.2818 195.9185 
4.7520000 16.5741 827.7840 0.0059 847.4506 624.7734 596.6155 508.9078 370.4048 194.9307 
4.7580000 16.4906 827.8831 0.0059 847.4506 621.6234 593.6074 506.3420 368.5372 193.9478 
4.7640000 16.4074 827.9818 0.0059 847.4506 618.4892 590.6145 503.7890 366.6791 192.9700 
4.7700000 16.3247 828.0800 0.0059 847.4507 615.3708 587.6366 501.2489 364.8303 191.9970 
4.7760000 16.2424 828.1777 0.0058 847.4507 612.2681 584.6738 498.7217 362.9909 191.0290 
4.7820000 16.1605 828.2749 0.0058 847.4507 609.1811 581.7259 496.2072 361.1607 190.0658 
4.7880000 16.0790 828.3717 0.0058 847.4508 606.1097 578.7929 493.7053 359.3397 189.1075 
4.7940000 15.9979 828.4679 0.0057 847.4508 603.0537 575.8747 491.2161 357.5280 188.1541 
4.8000000 15.9173 828.5636 0.0057 847.4508 600.0131 572.9711 488.7394 355.7253 187.2054 
4.8060000 15.8370 828.6589 0.0057 847.4509 596.9879 570.0823 486.2752 353.9318 186.2615 
4.8120000 15.7572 828.7537 0.0057 847.4509 593.9779 567.2079 483.8234 352.1473 185.3224 
4.8180000 15.6777 828.8480 0.0056 847.4509 590.9831 564.3481 481.3840 350.3718 184.3880 
4.8240000 15.5987 828.9418 0.0056 847.4510 588.0034 561.5027 478.9569 348.6052 183.4583 
4.8300000 15.5200 829.0352 0.0056 847.4510 585.0388 558.6716 476.5421 346.8476 182.5334 
4.8360000 15.4418 829.1281 0.0055 847.4510 582.0890 555.8549 474.1394 345.0988 181.6130 
4.8420000 15.3639 829.2205 0.0055 847.4511 579.1542 553.0523 471.7488 343.3588 180.6974 
4.8480000 15.2865 829.3124 0.0055 847.4511 576.2341 550.2638 469.3703 341.6276 179.7863 
4.8540000 15.2094 829.4039 0.0055 847.4511 573.3288 547.4894 467.0037 339.9052 178.8798 
4.8600000 15.1327 829.4949 0.0054 847.4512 570.4381 544.7290 464.6491 338.1914 177.9779 
4.8660000 15.0564 829.5855 0.0054 847.4512 567.5620 541.9825 462.3064 336.4863 177.0806 
4.8720000 14.9805 829.6756 0.0054 847.4512 564.7004 539.2499 459.9755 334.7897 176.1877 
4.8780000 14.9050 829.7653 0.0053 847.4513 561.8532 536.5310 457.6563 333.1017 175.2994 
4.8840000 14.8298 829.8545 0.0053 847.4513 559.0204 533.8259 455.3488 331.4223 174.4156 
4.8900000 14.7550 829.9432 0.0053 847.4513 556.2018 531.1344 453.0530 329.7512 173.5362 
4.8960000 14.6807 830.0315 0.0053 847.4514 553.3975 528.4564 450.7687 328.0887 172.6612 
4.9020000 14.6066 830.1194 0.0052 847.4514 550.6073 525.7920 448.4960 326.4345 171.7907 
4.9080000 14.5330 830.2068 0.0052 847.4514 547.8312 523.1410 446.2347 324.7886 170.9245 
4.9140000 14.4597 830.2938 0.0052 847.4515 545.0691 520.5033 443.9848 323.1510 170.0627 
4.9200000 14.3868 830.3803 0.0052 847.4515 542.3209 517.8790 441.7463 321.5217 169.2053 
4.9260000 14.3143 830.4664 0.0051 847.4515 539.5865 515.2679 439.5190 319.9006 168.3522 
4.9320000 14.2421 830.5521 0.0051 847.4516 536.8659 512.6699 437.3030 318.2877 167.5033 
4.9380000 14.1703 830.6373 0.0051 847.4516 534.1591 510.0851 435.0981 316.6829 166.6588 
4.9440000 14.0988 830.7221 0.0051 847.4516 531.4659 507.5133 432.9044 315.0862 165.8185 
4.9500000 14.0278 830.8065 0.0050 847.4517 528.7863 504.9544 430.7217 313.4976 164.9825 
4.9560000 13.9570 830.8905 0.0050 847.4517 526.1202 502.4085 428.5501 311.9170 164.1506 
4.9620000 13.8867 830.9740 0.0050 847.4517 523.4675 499.8754 426.3893 310.3443 163.3230 
4.9680000 13.8166 831.0571 0.0050 847.4517 520.8282 497.3550 424.2395 308.7796 162.4995 
4.9740000 13.7470 831.1398 0.0049 847.4518 518.2022 494.8474 422.1005 307.2227 161.6802 
4.9800000 13.6777 831.2221 0.0049 847.4518 515.5895 492.3524 419.9723 305.6737 160.8650 
4.9860000 13.6087 831.3039 0.0049 847.4518 512.9899 489.8700 417.8548 304.1325 160.0540 
4.9920000 13.5401 831.3854 0.0049 847.4519 510.4035 487.4001 415.7480 302.5991 159.2470 
4.9980000 13.4718 831.4664 0.0048 847.4519 507.8301 484.9427 413.6519 301.0734 158.4441 
5.0040000 13.4039 831.5470 0.0048 847.4519 505.2696 482.4976 411.5663 299.5554 157.6452 
5.0100000 13.3363 831.6273 0.0048 847.4519 502.7221 480.0649 409.4912 298.0451 156.8504 
5.0160000 13.2691 831.7071 0.0048 847.4520 500.1874 477.6444 407.4265 296.5424 156.0595 
5.0220000 13.2022 831.7865 0.0047 847.4520 497.6655 475.2362 405.3723 295.0472 155.2727 
5.0280000 13.1356 831.8655 0.0047 847.4520 495.1563 472.8401 403.3285 293.5596 154.4898 
5.0340000 13.0694 831.9441 0.0047 847.4521 492.6597 470.4560 401.2949 292.0795 153.7109 
5.0400000 13.0035 832.0223 0.0047 847.4521 490.1758 468.0840 399.2716 290.6069 152.9359 
5.0460000 12.9379 832.1002 0.0046 847.4521 487.7043 465.7240 397.2585 289.1416 152.1648 
5.0520000 12.8727 832.1776 0.0046 847.4521 485.2454 463.3758 395.2556 287.6838 151.3976 
5.0580000 12.8078 832.2546 0.0046 847.4522 482.7988 461.0395 393.2627 286.2333 150.6343 
5.0640000 12.7432 832.3313 0.0046 847.4522 480.3645 458.7150 391.2799 284.7902 149.8748 
5.0700000 12.6790 832.4076 0.0045 847.4522 477.9426 456.4022 389.3071 283.3543 149.1191 
5.0760000 12.6150 832.4834 0.0045 847.4523 475.5328 454.1010 387.3442 281.9256 148.3673 
5.0820000 12.5514 832.5589 0.0045 847.4523 473.1352 451.8115 385.3913 280.5042 147.6192 
5.0880000 12.4882 832.6341 0.0045 847.4523 470.7497 449.5335 383.4481 279.0899 146.8749 
5.0940000 12.4252 832.7088 0.0045 847.4523 468.3762 447.2670 381.5148 277.6827 146.1344 
5.1000000 12.3625 832.7832 0.0044 847.4524 466.0147 445.0119 379.5913 276.2827 145.3976 
5.1060000 12.3002 832.8571 0.0044 847.4524 463.6651 442.7681 377.6774 274.8897 144.6645 
5.1120000 12.2382 832.9308 0.0044 847.4524 461.3273 440.5357 375.7732 273.5037 143.9351 
5.1180000 12.1765 833.0040 0.0044 847.4524 459.0013 438.3146 373.8785 272.1247 143.2094 
5.1240000 12.1151 833.0769 0.0043 847.4525 456.6871 436.1046 371.9935 270.7527 142.4873 
5.1300000 12.0540 833.1494 0.0043 847.4525 454.3845 433.9058 370.1179 269.3875 141.7689 
5.1360000 11.9932 833.2215 0.0043 847.4525 452.0935 431.7181 368.2518 268.0293 141.0541 
5.1420000 11.9328 833.2933 0.0043 847.4525 449.8141 429.5414 366.3951 266.6779 140.3430 
5.1480000 11.8726 833.3647 0.0043 847.4526 447.5461 427.3757 364.5477 265.3334 139.6354 
5.1540000 11.8127 833.4358 0.0042 847.4526 445.2896 425.2209 362.7097 263.9956 138.9313 
5.1600000 11.7532 833.5065 0.0042 847.4526 443.0445 423.0769 360.8810 262.6645 138.2308 
5.1660000 11.6939 833.5768 0.0042 847.4526 440.8107 420.9438 359.0614 261.3402 137.5339 
5.1720000 11.6350 833.6468 0.0042 847.4527 438.5882 418.8214 357.2511 260.0225 136.8405 
5.1780000 11.5763 833.7164 0.0042 847.4527 436.3769 416.7098 355.4498 258.7115 136.1505 
5.1840000 11.5179 833.7857 0.0041 847.4527 434.1767 414.6088 353.6577 257.4071 135.4641 
5.1900000 11.4599 833.8546 0.0041 847.4527 431.9876 412.5183 351.8745 256.1093 134.7811 
5.1960000 11.4021 833.9232 0.0041 847.4528 429.8095 410.4384 350.1004 254.8180 134.1015 
5.2020000 11.3446 833.9915 0.0041 847.4528 427.6425 408.3690 348.3352 253.5332 133.4254 
5.2080000 11.2874 834.0594 0.0041 847.4528 425.4863 406.3101 346.5789 252.2549 132.7526 
5.2140000 11.2305 834.1269 0.0040 847.4528 423.3410 404.2615 344.8315 250.9831 132.0833 
5.2200000 11.1739 834.1941 0.0040 847.4529 421.2066 402.2232 343.0929 249.7176 131.4174 
5.2260000 11.1175 834.2610 0.0040 847.4529 419.0829 400.1952 341.3631 248.4586 130.7548 
5.2320000 11.0615 834.3275 0.0040 847.4529 416.9699 398.1775 339.6419 247.2058 130.0955 
5.2380000 11.0057 834.3937 0.0039 847.4529 414.8676 396.1699 337.9295 245.9594 129.4396 
5.2440000 10.9502 834.4596 0.0039 847.4530 412.7758 394.1724 336.2257 244.7193 128.7869 
5.2500000 10.8950 834.5251 0.0039 847.4530 410.6946 392.1850 334.5304 243.4855 128.1376 
5.2560000 10.8401 834.5903 0.0039 847.4530 408.6239 390.2077 332.8437 242.2578 127.4915 
5.2620000 10.7854 834.6552 0.0039 847.4530 406.5637 388.2403 331.1656 241.0364 126.8487 
5.2680000 10.7310 834.7198 0.0039 847.4531 404.5138 386.2828 329.4959 239.8211 126.2092 
5.2740000 10.6769 834.7840 0.0038 847.4531 402.4743 384.3352 327.8346 238.6119 125.5728 
5.2800000 10.6231 834.8479 0.0038 847.4531 400.4450 382.3974 326.1816 237.4089 124.9397 
5.2860000 10.5695 834.9115 0.0038 847.4531 398.4260 380.4693 324.5370 236.2119 124.3098 
5.2920000 10.5162 834.9747 0.0038 847.4531 396.4172 378.5510 322.9008 235.0209 123.6830 
5.2980000 10.4632 835.0377 0.0038 847.4532 394.4185 376.6424 321.2727 233.8359 123.0594 
5.3040000 10.4105 835.1003 0.0037 847.4532 392.4298 374.7434 319.6529 232.6570 122.4390 
5.3100000 10.3580 835.1626 0.0037 847.4532 390.4512 372.8540 318.0412 231.4839 121.8216 
5.3160000 10.3058 835.2246 0.0037 847.4532 388.4826 370.9741 316.4377 230.3168 121.2074 
5.3220000 10.2538 835.2863 0.0037 847.4533 386.5239 369.1036 314.8422 229.1555 120.5963 
5.3280000 10.2021 835.3476 0.0037 847.4533 384.5751 367.2426 313.2548 228.0002 119.9882 
5.3340000 10.1507 835.4087 0.0036 847.4533 382.6361 365.3910 311.6754 226.8506 119.3833 
5.3400000 10.0995 835.4694 0.0036 847.4533 380.7068 363.5488 310.1039 225.7068 118.7814 
5.3460000 10.0486 835.5299 0.0036 847.4533 378.7873 361.7158 308.5404 224.5688 118.1825 
5.3520000 9.9979 835.5900 0.0036 847.4534 376.8775 359.8920 306.9848 223.4366 117.5866 
5.3580000 9.9475 835.6499 0.0036 847.4534 374.9773 358.0775 305.4370 222.3100 116.9937 
5.3640000 9.8973 835.7094 0.0036 847.4534 373.0867 356.2721 303.8970 221.1891 116.4039 
5.3700000 9.8474 835.7686 0.0035 847.4534 371.2056 354.4758 302.3647 220.0739 115.8170 
5.3760000 9.7978 835.8276 0.0035 847.4535 369.3340 352.6885 300.8402 218.9643 115.2330 
5.3820000 9.7484 835.8862 0.0035 847.4535 367.4719 350.9103 299.3234 217.8603 114.6520 
5.3880000 9.6992 835.9445 0.0035 847.4535 365.6191 349.1410 297.8143 216.7619 114.0740 
5.3940000 9.6503 836.0026 0.0035 847.4535 363.7757 347.3807 296.3127 215.6690 113.4988 
5.4000000 9.6017 836.0603 0.0034 847.4535 361.9416 345.6292 294.8187 214.5816 112.9265 
5.4060000 9.5533 836.1178 0.0034 847.4536 360.1167 343.8866 293.3323 213.4997 112.3572 
5.4120000 9.5051 836.1750 0.0034 847.4536 358.3010 342.1527 291.8533 212.4232 111.7907 
5.4180000 9.4572 836.2319 0.0034 847.4536 356.4945 340.4276 290.3818 211.3522 111.2270 
5.4240000 9.4095 836.2885 0.0034 847.4536 354.6970 338.7112 288.9177 210.2866 110.6662 
5.4300000 9.3620 836.3448 0.0034 847.4536 352.9087 337.0034 287.4610 209.2263 110.1083 
5.4360000 9.3148 836.4008 0.0033 847.4537 351.1293 335.3043 286.0116 208.1714 109.5531 
5.4420000 9.2679 836.4566 0.0033 847.4537 349.3590 333.6137 284.5696 207.1218 109.0007 
5.4480000 9.2211 836.5120 0.0033 847.4537 347.5975 331.9316 283.1348 206.0776 108.4512 
5.4540000 9.1747 836.5672 0.0033 847.4537 345.8450 330.2581 281.7073 205.0385 107.9044 
5.4600000 9.1284 836.6221 0.0033 847.4537 344.1012 328.5929 280.2869 204.0047 107.3603 
5.4660000 9.0824 836.6768 0.0033 847.4538 342.3663 326.9362 278.8737 202.9762 106.8190 
5.4720000 9.0366 836.7311 0.0032 847.4538 340.6401 325.2878 277.4677 201.9528 106.2804 
5.4780000 8.9910 836.7852 0.0032 847.4538 338.9226 323.6477 276.0687 200.9345 105.7446 
5.4840000 8.9457 836.8390 0.0032 847.4538 337.2138 322.0159 274.6768 199.9214 105.2114 
5.4900000 8.9006 836.8925 0.0032 847.4538 335.5136 320.3923 273.2919 198.9134 104.6810 
5.4960000 8.8557 836.9458 0.0032 847.4539 333.8219 318.7769 271.9139 197.9105 104.1532 
5.5020000 8.8111 836.9988 0.0032 847.4539 332.1388 317.1697 270.5430 196.9127 103.6280 
5.5080000 8.7666 837.0515 0.0031 847.4539 330.4642 315.5705 269.1789 195.9199 103.1055 
5.5140000 8.7224 837.1040 0.0031 847.4539 328.7980 313.9794 267.8217 194.9320 102.5857 
5.5200000 8.6785 837.1562 0.0031 847.4539 327.1403 312.3964 266.4714 193.9492 102.0685 
5.5260000 8.6347 837.2082 0.0031 847.4539 325.4908 310.8213 265.1279 192.9713 101.5538 
5.5320000 8.5912 837.2598 0.0031 847.4540 323.8497 309.2541 263.7911 191.9984 101.0418 
5.5380000 8.5478 837.3112 0.0031 847.4540 322.2169 307.6949 262.4611 191.0303 100.5324 
5.5440000 8.5047 837.3624 0.0031 847.4540 320.5923 306.1435 261.1378 190.0672 100.0255 
5.5500000 8.4619 837.4133 0.0030 847.4540 318.9759 304.6000 259.8211 189.1089 99.5212 
5.5560000 8.4192 837.4639 0.0030 847.4540 317.3676 303.0642 258.5111 188.1554 99.0194 
5.5620000 8.3768 837.5143 0.0030 847.4541 315.7675 301.5362 257.2077 187.2067 98.5201 
5.5680000 8.3345 837.5645 0.0030 847.4541 314.1754 300.0158 255.9109 186.2628 98.0234 
5.5740000 8.2925 837.6143 0.0030 847.4541 312.5914 298.5032 254.6206 185.3237 97.5292 
5.5800000 8.2507 837.6640 0.0030 847.4541 311.0153 296.9981 253.3368 184.3893 97.0374 
5.5860000 8.2091 837.7134 0.0029 847.4541 309.4472 295.5007 252.0595 183.4596 96.5482 
5.5920000 8.1677 837.7625 0.0029 847.4541 307.8870 294.0108 250.7887 182.5347 96.0614 
5.5980000 8.1265 837.8114 0.0029 847.4542 306.3346 292.5284 249.5242 181.6143 95.5771 
5.6040000 8.0855 837.8600 0.0029 847.4542 304.7901 291.0535 248.2661 180.6986 95.0952 
5.6100000 8.0448 837.9084 0.0029 847.4542 303.2534 289.5860 247.0144 179.7876 94.6157 
5.6160000 8.0042 837.9565 0.0029 847.4542 301.7244 288.1260 245.7689 178.8811 94.1387 
5.6220000 7.9639 838.0044 0.0029 847.4542 300.2031 286.6733 244.5298 177.9792 93.6640 
5.6280000 7.9237 838.0521 0.0028 847.4543 298.6895 285.2279 243.2969 177.0818 93.1918 
5.6340000 7.8838 838.0995 0.0028 847.4543 297.1835 283.7898 242.0702 176.1890 92.7219 
5.6400000 7.8440 838.1467 0.0028 847.4543 295.6852 282.3589 240.8497 175.3007 92.2544 
5.6460000 7.8045 838.1937 0.0028 847.4543 294.1943 280.9353 239.6354 174.4168 91.7893 
5.6520000 7.7651 838.2404 0.0028 847.4543 292.7110 279.5188 238.4271 173.5374 91.3265 
5.6580000 7.7260 838.2868 0.0028 847.4543 291.2352 278.1095 237.2250 172.6624 90.8660 
5.6640000 7.6870 838.3331 0.0028 847.4544 289.7668 276.7073 236.0289 171.7919 90.4079 
5.6700000 7.6482 838.3791 0.0027 847.4544 288.3058 275.3122 234.8389 170.9257 89.9520 
5.6760000 7.6097 838.4249 0.0027 847.4544 286.8522 273.9240 233.6548 170.0639 89.4985 
5.6820000 7.5713 838.4704 0.0027 847.4544 285.4059 272.5429 232.4768 169.2065 89.0473 
5.6880000 7.5331 838.5157 0.0027 847.4544 283.9669 271.1688 231.3046 168.3533 88.5983 
5.6940000 7.4952 838.5608 0.0027 847.4544 282.5352 269.8016 230.1384 167.5045 88.1516 
5.7000000 7.4574 838.6057 0.0027 847.4545 281.1106 268.4413 228.9781 166.6600 87.7071 
5.7060000 7.4198 838.6503 0.0027 847.4545 279.6933 267.0878 227.8236 165.8197 87.2649 
5.7120000 7.3824 838.6947 0.0026 847.4545 278.2831 265.7412 226.6749 164.9836 86.8249 
5.7180000 7.3451 838.7389 0.0026 847.4545 276.8800 264.4013 225.5320 164.1518 86.3872 
5.7240000 7.3081 838.7828 0.0026 847.4545 275.4840 263.0682 224.3949 163.3242 85.9516 
5.7300000 7.2713 838.8266 0.0026 847.4545 274.0950 261.7418 223.2635 162.5007 85.5182 
5.7360000 7.2346 838.8701 0.0026 847.4545 272.7131 260.4222 222.1378 161.6814 85.0871 
5.7420000 7.1981 838.9134 0.0026 847.4546 271.3381 259.1091 221.0178 160.8662 84.6581 
5.7480000 7.1618 838.9565 0.0026 847.4546 269.9700 257.8027 219.9035 160.0551 84.2312 
5.7540000 7.1257 838.9993 0.0026 847.4546 268.6088 256.5029 218.7947 159.2481 83.8065 
5.7600000 7.0898 839.0420 0.0025 847.4546 267.2545 255.2096 217.6916 158.4452 83.3840 
5.7660000 7.0540 839.0844 0.0025 847.4546 265.9070 253.9229 216.5940 157.6463 82.9636 
5.7720000 7.0185 839.1266 0.0025 847.4546 264.5664 252.6426 215.5019 156.8515 82.5453 
5.7780000 6.9831 839.1686 0.0025 847.4547 263.2324 251.3688 214.4154 156.0607 82.1291 
5.7840000 6.9479 839.2104 0.0025 847.4547 261.9052 250.1014 213.3343 155.2738 81.7150 
5.7900000 6.9129 839.2520 0.0025 847.4547 260.5847 248.8404 212.2587 154.4909 81.3030 
5.7960000 6.8780 839.2934 0.0025 847.4547 259.2709 247.5858 211.1885 153.7120 80.8931 
5.8020000 6.8433 839.3345 0.0025 847.4547 257.9636 246.3375 210.1237 152.9370 80.4852 
5.8080000 6.8088 839.3755 0.0024 847.4547 256.6630 245.0955 209.0643 152.1659 80.0794 
5.8140000 6.7745 839.4162 0.0024 847.4547 255.3689 243.8597 208.0102 151.3987 79.6757 
5.8200000 6.7403 839.4568 0.0024 847.4548 254.0814 242.6302 206.9614 150.6353 79.2739 
5.8260000 6.7063 839.4971 0.0024 847.4548 252.8003 241.4068 205.9179 149.8758 78.8742 
5.8320000 6.6725 839.5373 0.0024 847.4548 251.5257 240.1897 204.8797 149.1202 78.4766 
5.8380000 6.6389 839.5772 0.0024 847.4548 250.2575 238.9787 203.8467 148.3683 78.0809 
5.8440000 6.6054 839.6169 0.0024 847.4548 248.9957 237.7738 202.8189 147.6203 77.6872 
5.8500000 6.5721 839.6565 0.0024 847.4548 247.7403 236.5749 201.7963 146.8760 77.2955 
5.8560000 6.5390 839.6958 0.0023 847.4548 246.4912 235.3821 200.7789 146.1354 76.9058 
5.8620000 6.5060 839.7349 0.0023 847.4549 245.2484 234.1953 199.7666 145.3986 76.5180 
5.8680000 6.4732 839.7739 0.0023 847.4549 244.0119 233.0145 198.7594 144.6655 76.1322 
5.8740000 6.4406 839.8126 0.0023 847.4549 242.7816 231.8397 197.7572 143.9361 75.7484 
5.8800000 6.4081 839.8512 0.0023 847.4549 241.5575 230.6708 196.7602 143.2104 75.3665 
5.8860000 6.3758 839.8895 0.0023 847.4549 240.3396 229.5077 195.7681 142.4884 74.9865 
5.8920000 6.3436 839.9277 0.0023 847.4549 239.1278 228.3506 194.7811 141.7699 74.6084 
5.8980000 6.3117 839.9656 0.0023 847.4549 237.9222 227.1993 193.7990 141.0552 74.2322 
5.9040000 6.2798 840.0034 0.0023 847.4550 236.7226 226.0537 192.8219 140.3440 73.8580 
5.9100000 6.2482 840.0410 0.0022 847.4550 235.5290 224.9140 191.8497 139.6364 73.4856 
5.9160000 6.2167 840.0784 0.0022 847.4550 234.3415 223.7800 190.8824 138.9323 73.1151 
5.9220000 6.1853 840.1156 0.0022 847.4550 233.1600 222.6517 189.9200 138.2318 72.7464 
5.9280000 6.1541 840.1526 0.0022 847.4550 231.9844 221.5291 188.9624 137.5349 72.3796 
5.9340000 6.1231 840.1894 0.0022 847.4550 230.8148 220.4122 188.0097 136.8414 72.0147 
5.9400000 6.0922 840.2261 0.0022 847.4550 229.6510 219.3009 187.0617 136.1515 71.6516 
5.9460000 6.0615 840.2625 0.0022 847.4550 228.4931 218.1952 186.1186 135.4650 71.2903 
5.9520000 6.0310 840.2988 0.0022 847.4551 227.3411 217.0950 185.1802 134.7820 70.9309 
5.9580000 6.0005 840.3349 0.0022 847.4551 226.1948 216.0005 184.2465 134.1025 70.5733 
5.9640000 5.9703 840.3708 0.0021 847.4551 225.0544 214.9114 183.3176 133.4263 70.2175 
5.9700000 5.9402 840.4066 0.0021 847.4551 223.9197 213.8278 182.3933 132.7536 69.8634 
5.9760000 5.9102 840.4421 0.0021 847.4551 222.7907 212.7497 181.4737 132.0843 69.5112 
5.9820000 5.8804 840.4775 0.0021 847.4551 221.6674 211.6771 180.5587 131.4183 69.1607 
5.9880000 5.8508 840.5127 0.0021 847.4551 220.5498 210.6098 179.6483 130.7557 68.8120 
5.9940000 5.8213 840.5477 0.0021 847.4551 219.4378 209.5479 178.7425 130.0964 68.4651 
