TIME,         J,      Q,     J_in,    Q_in,    <------------------C along depth X--------------------------------------->
0.0000000 0.0000 0.0000 0.0000 0.0000 0.0000 0.0000 0.0000 0.0000 0.0000 0.0000 0.0000 0.0000 0.0000 0.0000 
0.0600000 0.1883 0.0009 315.8342 809.4322 67372.1753 58589.5359 39744.7526 21023.0372 8665.7996 2781.4129 694.4079 134.6806 20.2612 2.3457 
0.1200000 36.9724 0.6604 111.9817 820.5373 47672.8385 44452.2065 36604.3602 26617.5946 17091.0506 9689.1862 4849.0183 2141.0178 829.6166 263.9337 
0.1800000 163.8484 6.4006 61.0135 825.4684 38933.8892 37159.0816 32643.7899 26395.2961 19643.6865 13453.0967 8472.6052 4889.1435 2534.9830 1048.3426 
0.2400000 303.5967 20.5492 39.6547 828.4107 33721.5030 32561.3764 29544.8714 25189.4267 20175.3585 15169.9299 10681.5867 6982.0619 4101.0557 1872.1261 
0.3000000 407.5200 42.1008 28.4236 830.4208 30161.2605 29326.7551 27127.3254 23866.1450 19958.0869 15837.0327 11868.4988 8288.4168 5177.9553 2473.0364 
0.3600000 471.5919 68.6576 21.7456 831.9096 27524.5930 26884.5189 25180.9054 22605.5426 19427.0982 15937.1916 12395.9914 8989.5129 5806.6845 2838.9075 
0.4200000 505.0205 98.0851 17.4801 833.0772 25457.1143 24941.5467 23558.5761 21435.5941 18753.9254 15715.6029 12508.6503 9278.3323 6110.0456 3026.6624 
0.4800000 517.5567 128.8467 14.6259 834.0347 23761.6076 23329.5040 22163.0161 20349.9720 18017.0812 15308.8018 12364.8366 9300.9526 6196.9202 3093.7031 
0.5400000 516.6187 159.9247 12.6445 834.8493 22319.4091 21945.3395 20930.3375 19337.0963 17257.2837 14797.8402 12066.2123 9157.5156 6146.1231 3083.1493 
0.6000000 507.3041 190.6740 11.2199 835.5629 21055.9730 20723.6995 19818.5107 18386.8062 16497.3898 14232.4552 11677.7733 8914.0074 6010.7821 3024.4926 
0.6600000 492.9751 220.7003 10.1573 836.2027 19923.3004 19622.2584 18799.6907 17491.2738 15750.6782 13643.5516 11240.8977 8613.0969 5825.6276 2937.1401 
0.7200000 475.8050 249.7728 9.3335 836.7865 18889.9629 18613.1748 17855.2205 16644.6125 15024.8481 13050.3223 10781.7731 8282.0656 5613.0069 2833.6253 
0.7800000 457.1829 277.7660 8.6699 837.3259 17935.0708 17677.8559 16972.3975 15842.3365 14324.1991 12464.5599 10316.8292 7938.1914 5387.1471 2721.9491 
0.8400000 437.9867 304.6212 8.1156 837.8289 17044.5048 16803.6638 16142.3865 15080.9273 13650.9194 11893.3519 9856.2345 7592.2953 5157.0110 2607.1669 
0.9000000 418.7653 330.3217 7.6377 838.3012 16208.5218 15981.8158 15358.8733 14357.5287 13005.8782 11340.7903 9406.1471 7251.0475 4928.1700 2492.4339 
0.9600000 399.8557 354.8771 7.2148 838.7465 15420.2229 15206.0395 14617.1966 13669.7420 12389.1262 10809.0644 8970.1621 6918.4577 4704.0183 2379.6839 
1.0200000 381.4590 378.3125 6.8328 839.1677 14674.5688 14471.7065 13913.7872 13015.4905 11800.2122 10299.1609 8550.2427 6596.8366 4486.5564 2270.0686 
1.0800000 363.6898 400.6626 6.4823 839.5670 13967.7451 13775.2748 13245.8062 12392.9305 11238.3856 9811.3129 8147.3186 6287.4133 4276.8968 2164.2407 
1.1400000 346.6078 421.9670 6.1572 839.9461 13296.7530 13113.9285 12610.9107 11800.3923 10702.7252 9345.2877 7761.6702 5990.7337 4075.5884 2062.5358 
1.2000000 330.2378 442.2678 5.8531 840.3063 12659.1446 12485.3443 12007.1013 11236.3415 10192.2210 8900.5711 7393.1753 5706.9153 3882.8256 1965.0891 
1.2600000 314.5828 461.6079 5.5671 840.6488 12052.8514 11887.5408 11432.6235 10699.3527 9705.8254 8476.4853 7041.4669 5435.8112 3698.5819 1871.9113 
1.3200000 299.6325 480.0300 5.2970 840.9746 11476.0725 11318.7793 10885.9027 10188.0918 9242.4864 8072.2635 6706.0342 5177.1148 3522.6960 1782.9361 
1.3800000 285.3687 497.5758 5.0413 841.2847 10927.2017 10777.5001 10365.5013 9701.3029 8801.1663 7687.0976 6386.2873 4930.4271 3354.9268 1698.0513 
1.4400000 271.7684 514.2858 4.7988 841.5798 10404.7795 10262.2791 9870.0900 9237.7997 8380.8544 7320.1681 6081.5973 4695.2990 3194.9884 1617.1187 
1.5000000 258.8063 530.1991 4.5684 841.8607 9907.4610 9771.8002 9398.4288 8796.4588 7980.5737 6970.6619 5791.3226 4471.2584 3042.5723 1539.9860 
1.5600000 246.4561 545.3533 4.3495 842.1282 9433.9947 9304.8353 8949.3534 8376.2143 7599.3842 6637.7845 5514.8246 4257.8275 2897.3611 1466.4954 
1.6200000 234.6911 559.7841 4.1412 842.3829 8983.2075 8860.2316 8521.7657 7976.0539 7236.3850 6320.7655 5251.4773 4054.5324 2759.0380 1396.4881 
1.6800000 223.4850 573.5260 3.9431 842.6253 8553.9943 8436.9017 8114.6268 7595.0151 6890.7141 6018.8629 5000.6732 3860.9105 2627.2912 1329.8075 
1.7400000 212.8124 586.6117 3.7546 842.8562 8145.3105 8033.8171 7726.9519 7232.1826 6561.5482 5731.3646 4761.8263 3676.5134 2501.8178 1266.3009 
1.8000000 202.6483 599.0724 3.5751 843.0760 7756.1664 7650.0027 7357.8061 6886.6854 6248.1018 5457.5890 4534.3740 3500.9092 2382.3255 1205.8209 
1.8600000 192.9689 610.9380 3.4042 843.2854 7385.6228 7284.5330 7006.3009 6557.6946 5949.6259 5196.8845 4317.7775 3333.6837 2268.5331 1148.2254 
1.9200000 183.7514 622.2368 3.2415 843.4847 7032.7874 6936.5283 6671.5916 6244.4212 5665.4065 4948.6295 4111.5218 3174.4401 2160.1713 1093.3782 
1.9800000 174.9739 632.9959 3.0866 843.6745 6696.8118 6605.1521 6352.8743 5946.1139 5394.7633 4712.2310 3915.1151 3022.7996 2056.9827 1041.1493 
2.0400000 166.6155 643.2410 2.9392 843.8552 6376.8891 6289.6088 6049.3842 5662.0576 5137.0483 4487.1236 3728.0885 2878.4005 1958.7213 991.4142 
2.1000000 158.6563 652.9967 2.7987 844.0273 6072.2515 5989.1410 5760.3934 5391.5714 4891.6441 4272.7687 3549.9947 2740.8978 1865.1526 944.0541 
2.1600000 151.0772 662.2864 2.6650 844.1912 5782.1680 5703.0281 5485.2088 5134.0069 4657.9630 4068.6530 3380.4076 2609.9626 1776.0529 898.9561 
2.2200000 143.8601 671.1323 2.5377 844.3472 5505.9430 5430.5839 5223.1706 4888.7468 4435.4449 3874.2878 3218.9213 2485.2818 1691.2090 856.0121 
2.2800000 136.9877 679.5557 2.4165 844.4958 5242.9142 5171.1553 4973.6507 4655.2033 4223.5567 3689.2073 3065.1489 2366.5566 1610.4179 815.1194 
2.3400000 130.4436 687.5766 2.3010 844.6373 4992.4511 4924.1203 4736.0510 4432.8165 4021.7907 3512.9683 2918.7223 2253.5029 1533.4860 776.1800 
2.4000000 124.2121 695.2144 2.1911 844.7720 4753.9532 4688.8867 4509.8019 4221.0536 3829.6632 3345.1483 2779.2905 2145.8497 1460.2292 739.1008 
2.4600000 118.2783 702.4873 2.0864 844.9003 4526.8488 4464.8907 4294.3611 4019.4069 3646.7140 3185.3452 2646.5195 2043.3392 1390.4718 703.7928 
2.5200000 112.6280 709.4128 1.9868 845.0225 4310.5937 4251.5954 4089.2124 3827.3932 3472.5046 3033.1762 2520.0910 1945.7257 1324.0468 670.1716 
2.5800000 107.2476 716.0074 1.8919 845.1388 4104.6695 4048.4896 3893.8639 3644.5524 3306.6174 2888.2765 2399.7022 1852.7753 1260.7950 638.1564 
2.6400000 102.1242 722.2870 1.8015 845.2496 3908.5826 3855.0866 3707.8476 3470.4461 3148.6549 2750.2988 2285.0646 1764.2652 1200.5648 607.6707 
2.7000000 97.2456 728.2666 1.7154 845.3551 3721.8632 3670.9228 3530.7177 3304.6572 2998.2385 2618.9126 2175.9034 1679.9834 1143.2119 578.6413 
2.7600000 92.6000 733.9605 1.6335 845.4555 3544.0637 3495.5568 3362.0495 3146.7883 2855.0077 2493.8028 2071.9569 1599.7279 1088.5988 550.9986 
2.8200000 88.1763 739.3825 1.5554 845.5512 3374.7579 3328.5683 3201.4389 2996.4611 2718.6194 2374.6698 1972.9762 1523.3063 1036.5947 524.6765 
2.8800000 83.9640 744.5454 1.4811 845.6422 3213.5402 3169.5571 3048.5009 2853.3153 2588.7465 2261.2279 1878.7239 1450.5355 987.0749 499.6119 
2.9400000 79.9529 749.4617 1.4104 845.7290 3060.0241 3018.1422 2902.8690 2717.0077 2465.0778 2153.2054 1788.9742 1381.2410 939.9207 475.7446 
3.0000000 76.1334 754.1431 1.3430 845.8115 2913.8418 2873.9606 2764.1942 2587.2118 2347.3170 2050.3432 1703.5119 1315.2569 895.0191 453.0175 
3.0600000 72.4964 758.6009 1.2788 845.8902 2774.6428 2736.6668 2632.1441 2463.6165 2235.1818 1952.3950 1622.1324 1252.4249 852.2626 431.3761 
3.1200000 69.0331 762.8457 1.2178 845.9651 2642.0935 2605.9317 2506.4023 2345.9255 2128.4035 1859.1259 1544.6405 1192.5945 811.5486 410.7686 
3.1800000 65.7353 766.8878 1.1596 846.0364 2515.8764 2481.4421 2386.6673 2233.8568 2026.7262 1770.3124 1470.8505 1135.6223 772.7796 391.1455 
3.2400000 62.5950 770.7367 1.1042 846.1043 2395.6889 2362.8995 2272.6523 2127.1418 1929.9062 1685.7417 1400.5855 1081.3718 735.8627 372.4598 
3.3000000 59.6048 774.4018 1.0514 846.1689 2281.2429 2250.0200 2164.0840 2025.5247 1837.7114 1605.2110 1333.6773 1029.7129 700.7093 354.6668 
3.3600000 56.7573 777.8918 1.0012 846.2305 2172.2642 2142.5328 2060.7022 1928.7621 1749.9209 1528.5275 1269.9653 980.5218 667.2353 337.7238 
3.4200000 54.0460 781.2151 0.9534 846.2891 2068.4916 2040.1805 1962.2591 1836.6220 1666.3243 1455.5072 1209.2970 933.6807 635.3604 321.5902 
3.4800000 51.4641 784.3796 0.9078 846.3449 1969.6763 1942.7178 1868.5187 1748.8835 1586.7213 1385.9753 1151.5269 889.0772 605.0082 306.2273 
3.5400000 49.0056 787.3929 0.8645 846.3981 1875.5817 1849.9109 1779.2565 1665.3365 1510.9210 1319.7649 1096.5166 846.6046 576.1059 291.5983 
3.6000000 46.6645 790.2623 0.8232 846.4487 1785.9821 1761.5377 1694.2585 1585.7807 1438.7418 1256.7176 1044.1342 806.1609 548.5844 277.6682 
3.6600000 44.4352 792.9946 0.7838 846.4969 1700.6628 1677.3861 1613.3210 1510.0253 1370.0108 1196.6822 994.2542 767.6492 522.3776 264.4035 
3.7200000 42.3125 795.5964 0.7464 846.5428 1619.4193 1597.2547 1536.2500 1437.8889 1304.5631 1139.5147 946.7570 730.9774 497.4228 251.7725 
3.7800000 40.2912 798.0739 0.7107 846.5865 1542.0570 1520.9512 1462.8609 1369.1986 1242.2420 1085.0782 901.5289 696.0574 473.6601 239.7449 
3.8400000 38.3664 800.4331 0.6768 846.6281 1468.3904 1448.2929 1392.9776 1303.7898 1182.8981 1033.2422 858.4614 662.8056 451.0326 228.2919 
3.9000000 36.5336 802.6795 0.6445 846.6677 1398.2430 1379.1055 1326.4328 1241.5056 1126.3891 983.8826 817.4513 631.1423 429.4860 217.3861 
3.9600000 34.7883 804.8186 0.6137 846.7055 1331.4467 1313.2234 1263.0669 1182.1968 1072.5797 936.8809 778.4003 600.9916 408.9688 207.0012 
4.0200000 33.1264 806.8556 0.5844 846.7414 1267.8413 1250.4886 1202.7281 1125.7214 1021.3408 892.1246 741.2148 572.2812 389.4317 197.1124 
4.0800000 31.5439 808.7952 0.5564 846.7756 1207.2744 1190.7507 1145.2719 1071.9438 972.5496 849.5063 705.8058 544.9424 370.8279 187.6960 
4.1400000 30.0370 810.6422 0.5299 846.8082 1149.6009 1133.8666 1090.5603 1020.7353 926.0894 808.9240 672.0883 518.9096 353.1128 178.7295 
4.2000000 28.6021 812.4009 0.5045 846.8392 1094.6826 1079.6999 1038.4625 971.9731 881.8486 770.2804 639.9815 494.1205 336.2440 170.1913 
4.2600000 27.2357 814.0756 0.4804 846.8688 1042.3878 1028.1209 988.8534 925.5404 839.7212 733.4828 609.4086 470.5155 320.1811 162.0609 
4.3200000 25.9346 815.6703 0.4575 846.8969 992.5913 979.0059 941.6143 881.3258 799.6063 698.4431 580.2961 448.0382 304.8855 154.3190 
4.3800000 24.6957 817.1889 0.4356 846.9237 945.1736 932.2372 896.6318 839.2234 761.4078 665.0774 552.5744 426.6347 290.3207 146.9470 
4.4400000 23.5159 818.6348 0.4148 846.9492 900.0211 887.7027 853.7983 799.1323 725.0341 633.3055 526.1770 406.2537 276.4516 139.9271 
4.5000000 22.3925 820.0118 0.3950 846.9735 857.0256 845.2956 813.0109 760.9565 690.3981 603.0515 501.0407 386.8463 263.2450 133.2425 
4.5600000 21.3228 821.3229 0.3761 846.9966 816.0841 804.9145 774.1721 724.6043 657.4166 574.2427 477.1052 368.3660 250.6694 126.8773 
4.6200000 20.3042 822.5714 0.3582 847.0186 777.0984 766.4624 737.1886 689.9888 626.0108 546.8102 454.3131 350.7685 238.6945 120.8162 
4.6800000 19.3342 823.7602 0.3411 847.0396 739.9751 729.8472 701.9719 657.0269 596.1052 520.6882 432.6098 334.0118 227.2917 115.0446 
4.7400000 18.4106 824.8923 0.3248 847.0596 704.6253 694.9812 668.4375 625.6396 567.6283 495.8141 411.9433 318.0555 216.4336 109.5487 
4.8000000 17.5311 825.9703 0.3093 847.0786 670.9642 661.7809 636.5052 595.7518 540.5117 472.1282 392.2641 302.8614 206.0942 104.3154 
4.8600000 16.6936 826.9968 0.2945 847.0967 638.9112 630.1665 606.0983 567.2918 514.6906 449.5739 373.5250 288.3933 196.2487 99.3321 
4.9200000 15.8961 827.9742 0.2804 847.1139 608.3893 600.0624 577.1440 540.1913 490.1030 428.0970 355.6811 274.6162 186.8736 94.5868 
4.9800000 15.1367 828.9050 0.2670 847.1304 579.3256 571.3964 549.5729 514.3855 466.6900 407.6461 338.6896 261.4974 177.9463 90.0683 
5.0400000 14.4136 829.7913 0.2543 847.1460 551.6502 544.0999 523.3189 489.8125 444.3954 388.1722 322.5099 249.0052 169.4456 85.7655 
5.1000000 13.7251 830.6352 0.2421 847.1609 525.2970 518.1074 498.3191 466.4133 423.1659 369.6286 307.1031 237.1098 161.3509 81.6684 
5.1600000 13.0694 831.4389 0.2305 847.1751 500.2027 493.3565 474.5136 444.1320 402.9506 351.9708 292.4322 225.7827 153.6429 77.7670 
5.2200000 12.4450 832.2041 0.2195 847.1886 476.3072 469.7881 451.8453 422.9151 383.7010 335.1566 278.4623 214.9967 146.3031 74.0519 
5.2800000 11.8505 832.9328 0.2090 847.2014 453.5532 447.3455 430.2599 402.7117 365.3710 319.1456 265.1597 204.7259 139.3140 70.5143 
5.3400000 11.2844 833.6267 0.1991 847.2136 431.8862 425.9751 409.7057 383.4735 347.9166 303.8995 252.4926 194.9459 132.6587 67.1457 
5.4000000 10.7453 834.2874 0.1895 847.2253 411.2543 405.6256 390.1333 365.1544 331.2961 289.3817 240.4306 185.6330 126.3214 63.9381 
5.4600000 10.2320 834.9166 0.1805 847.2364 391.6080 386.2482 371.4960 347.7104 315.4695 275.5575 228.9448 176.7650 120.2868 60.8836 
5.5200000 9.7432 835.5157 0.1719 847.2470 372.9003 367.7965 353.7491 331.0997 300.3990 262.3937 218.0078 168.3206 114.5405 57.9751 
5.5800000 9.2778 836.0861 0.1637 847.2570 355.0862 350.2262 336.8499 315.2825 286.0485 249.8587 207.5932 160.2797 109.0687 55.2056 
5.6400000 8.8345 836.6294 0.1558 847.2666 338.1232 333.4953 320.7580 300.2209 272.3835 237.9225 197.6761 152.6229 103.8583 52.5683 
5.7000000 8.4125 837.1467 0.1484 847.2757 321.9705 317.5637 305.4349 285.8789 259.3712 226.5566 188.2328 145.3318 98.8968 50.0570 
5.7600000 8.0106 837.6392 0.1413 847.2844 306.5894 302.3932 290.8438 272.2220 246.9807 215.7336 179.2406 138.3891 94.1724 47.6657 
5.8200000 7.6279 838.1083 0.1346 847.2927 291.9431 287.9474 276.9497 259.2175 235.1820 205.4276 170.6780 131.7780 89.6736 45.3887 
5.8800000 7.2635 838.5549 0.1281 847.3006 277.9965 274.1917 263.7193 246.8342 223.9470 195.6140 162.5244 125.4827 85.3898 43.2204 
5.9400000 6.9166 838.9802 0.1220 847.3081 264.7162 261.0931 251.1210 235.0426 213.2486 186.2692 154.7604 119.4882 81.3105 41.1557 
