TIME,         J,      Q,     J_in,    Q_in,    <------------------C along depth X--------------------------------------->
0.0000000 0.0000 0.0000 0.0000 0.0000 0.0000 0.0000 0.0000 0.0000 0.0000 0.0000 0.0000 0.0000 0.0000 0.0000 
0.0600000 0.0000 0.0000 305.6946 809.7419 66821.7533 5.3148 0.0000 0.0000 0.0000 0.0000 0.0000 0.0000 0.0000 0.0000 
0.1200000 0.0000 0.0000 110.7263 820.6262 47515.2011 211.4769 0.0002 0.0000 0.0000 0.0000 0.0000 0.0000 0.0000 0.0000 
0.1800000 0.0000 0.0000 60.6029 825.5138 38853.3667 916.6460 0.0296 0.0000 0.0000 0.0000 0.0000 0.0000 0.0000 0.0000 
0.2400000 0.0000 0.0000 39.4583 828.4392 33671.0223 1950.4845 0.5193 0.0000 0.0000 0.0000 0.0000 0.0000 0.0000 0.0000 
0.3000000 0.0000 0.0000 28.2727 830.4395 30128.1533 3044.2221 3.3665 0.0001 0.0000 0.0000 0.0000 0.0000 0.0000 0.0000 
0.3600000 0.0000 0.0000 21.5266 831.9177 27510.1685 4051.3357 12.4254 0.0015 0.0000 0.0000 0.0000 0.0000 0.0000 0.0000 
0.4200000 0.0000 0.0000 17.0931 833.0676 25474.0544 4920.8717 32.3692 0.0112 0.0000 0.0000 0.0000 0.0000 0.0000 0.0000 
0.4800000 0.0000 0.0000 13.9967 833.9949 23831.9758 5648.1882 67.0430 0.0548 0.0000 0.0000 0.0000 0.0000 0.0000 0.0000 
0.5400000 0.0000 0.0000 11.7340 834.7634 22471.3129 6246.6712 118.5317 0.1947 0.0000 0.0000 0.0000 0.0000 0.0000 0.0000 
0.6000000 0.0000 0.0000 10.0214 835.4137 21319.9002 6734.7620 187.0921 0.5478 0.0002 0.0000 0.0000 0.0000 0.0000 0.0000 
0.6600000 0.0000 0.0000 8.6883 835.9733 20329.0776 7130.6588 271.5662 1.2927 0.0009 0.0000 0.0000 0.0000 0.0000 0.0000 
0.7200000 0.0000 0.0000 7.6266 836.4615 19464.6823 7450.4546 369.9158 2.6629 0.0032 0.0000 0.0000 0.0000 0.0000 0.0000 
0.7800000 0.0000 0.0000 6.7648 836.8924 18701.9300 7707.7190 479.6853 4.9295 0.0095 0.0000 0.0000 0.0000 0.0000 0.0000 
0.8400000 0.0000 0.0000 6.0539 837.2762 18022.3454 7913.6416 598.3360 8.3777 0.0241 0.0000 0.0000 0.0000 0.0000 0.0000 
0.9000000 0.0000 0.0000 5.4593 837.6211 17411.8364 8077.3556 723.4562 13.2837 0.0546 0.0001 0.0000 0.0000 0.0000 0.0000 
0.9600000 0.0000 0.0000 4.9561 837.9331 16859.4423 8206.2880 852.8752 19.8956 0.1122 0.0002 0.0000 0.0000 0.0000 0.0000 
1.0200000 0.0000 0.0000 4.5257 838.2172 16356.4922 8306.4766 984.7129 28.4199 0.2127 0.0004 0.0000 0.0000 0.0000 0.0000 
1.0800000 0.0000 0.0000 4.1541 838.4773 15896.0244 8382.8398 1117.3870 39.0141 0.3767 0.0011 0.0000 0.0000 0.0000 0.0000 
1.1400000 0.0000 0.0000 3.8308 838.7166 15472.3768 8439.3950 1249.5977 51.7838 0.6295 0.0024 0.0000 0.0000 0.0000 0.0000 
1.2000000 0.0000 0.0000 3.5473 838.9378 15080.8901 8479.4367 1380.2996 66.7846 1.0005 0.0049 0.0000 0.0000 0.0000 0.0000 
1.2600000 0.0000 0.0000 3.2972 839.1429 14717.6910 8505.6762 1508.6701 84.0264 1.5229 0.0094 0.0000 0.0000 0.0000 0.0000 
1.3200000 0.0000 0.0000 3.0751 839.3340 14379.5291 8520.3544 1634.0760 103.4786 2.2326 0.0171 0.0000 0.0000 0.0000 0.0000 
1.3800000 0.0000 0.0000 2.8769 839.5124 14063.6541 8525.3307 1756.0436 125.0769 3.1672 0.0295 0.0001 0.0000 0.0000 0.0000 
1.4400000 0.0000 0.0000 2.6991 839.6796 13767.7208 8522.1541 1874.2306 148.7299 4.3647 0.0489 0.0002 0.0000 0.0000 0.0000 
1.5000000 0.0000 0.0000 2.5388 839.8366 13489.7155 8512.1197 1988.4028 174.3249 5.8630 0.0778 0.0004 0.0000 0.0000 0.0000 
1.5600000 0.0000 0.0000 2.3939 839.9845 13227.8983 8496.3143 2098.4130 201.7342 7.6985 0.1196 0.0008 0.0000 0.0000 0.0000 
1.6200000 0.0000 0.0000 2.2622 840.1241 12980.7567 8475.6531 2204.1838 230.8197 9.9058 0.1783 0.0014 0.0000 0.0000 0.0000 
1.6800000 0.0000 0.0000 2.1422 840.2562 12746.9691 8450.9089 2305.6937 261.4371 12.5166 0.2584 0.0024 0.0000 0.0000 0.0000 
1.7400000 0.0000 0.0000 2.0324 840.3814 12525.3747 8422.7368 2402.9644 293.4395 15.5594 0.3651 0.0039 0.0000 0.0000 0.0000 
1.8000000 0.0000 0.0000 1.9317 840.5003 12314.9490 8391.6930 2496.0515 326.6804 19.0593 0.5043 0.0062 0.0000 0.0000 0.0000 
1.8600000 0.0000 0.0000 1.8390 840.6133 12114.7844 8358.2513 2585.0365 361.0157 23.0373 0.6824 0.0096 0.0001 0.0000 0.0000 
1.9200000 0.0000 0.0000 1.7535 840.7211 11924.0731 8322.8163 2670.0199 396.3056 27.5108 0.9062 0.0144 0.0001 0.0000 0.0000 
1.9800000 0.0000 0.0000 1.6744 840.8239 11742.0938 8285.7339 2751.1165 432.4161 32.4934 1.1829 0.0212 0.0002 0.0000 0.0000 
2.0400000 0.0000 0.0000 1.6012 840.9221 11568.1997 8247.3007 2828.4507 469.2194 37.9947 1.5201 0.0305 0.0003 0.0000 0.0000 
2.1000000 0.0000 0.0000 1.5331 841.0161 11401.8095 8207.7712 2902.1533 506.5950 44.0208 1.9257 0.0430 0.0005 0.0000 0.0000 
2.1600000 0.0000 0.0000 1.4697 841.1062 11242.3985 8167.3644 2972.3590 544.4297 50.5743 2.4075 0.0595 0.0008 0.0000 0.0000 
2.2200000 0.0000 0.0000 1.4105 841.1925 11089.4921 8126.2686 3039.2039 582.6181 57.6546 2.9735 0.0809 0.0012 0.0000 0.0000 
2.2800000 0.0000 0.0000 1.3552 841.2755 10942.6595 8084.6462 3102.8242 621.0623 65.2581 3.6317 0.1082 0.0017 0.0000 0.0000 
2.3400000 0.0000 0.0000 1.3034 841.3552 10801.5092 8042.6370 3163.3546 659.6721 73.3788 4.3899 0.1427 0.0025 0.0000 0.0000 
2.4000000 0.0000 0.0000 1.2549 841.4320 10665.6837 8000.3619 3220.9276 698.3646 82.0080 5.2557 0.1856 0.0036 0.0000 0.0000 
2.4600000 0.0000 0.0000 1.2093 841.5059 10534.8565 7957.9251 3275.6726 737.0638 91.1351 6.2365 0.2383 0.0051 0.0001 0.0000 
2.5200000 0.0000 0.0000 1.1664 841.5771 10408.7284 7915.4163 3327.7153 775.7005 100.7474 7.3393 0.3024 0.0071 0.0001 0.0000 
2.5800000 0.0000 0.0000 1.1259 841.6459 10287.0246 7872.9132 3377.1776 814.2121 110.8310 8.5709 0.3795 0.0097 0.0001 0.0000 
2.6400000 0.0000 0.0000 1.0878 841.7123 10169.4924 7830.4825 3424.1768 852.5417 121.3703 9.9374 0.4714 0.0131 0.0002 0.0000 
2.7000000 0.0000 0.0000 1.0517 841.7765 10055.8988 7788.1817 3468.8262 890.6384 132.3487 11.4447 0.5798 0.0173 0.0003 0.0000 
2.7600000 0.0000 0.0000 1.0176 841.8385 9946.0287 7746.0603 3511.2342 928.4563 143.7489 13.0982 0.7069 0.0228 0.0004 0.0000 
2.8200000 0.0000 0.0000 0.9853 841.8986 9839.6828 7704.1607 3551.5050 965.9546 155.5525 14.9025 0.8545 0.0295 0.0006 0.0000 
2.8800000 0.0000 0.0000 0.9547 841.9568 9736.6769 7662.5191 3589.7382 1003.0970 167.7410 16.8622 1.0248 0.0379 0.0009 0.0000 
2.9400000 0.0000 0.0000 0.9256 842.0132 9636.8396 7621.1664 3626.0288 1039.8514 180.2952 18.9810 1.2198 0.0482 0.0012 0.0000 
3.0000000 0.0000 0.0000 0.8980 842.0679 9540.0117 7580.1290 3660.4678 1076.1897 193.1960 21.2621 1.4418 0.0606 0.0016 0.0000 
3.0600000 0.0000 0.0000 0.8718 842.1210 9446.0450 7539.4290 3693.1418 1112.0872 206.4238 23.7085 1.6929 0.0756 0.0021 0.0000 
3.1200000 0.0000 0.0000 0.8467 842.1725 9354.8014 7499.0850 3724.1334 1147.5227 219.9593 26.3222 1.9754 0.0935 0.0028 0.0001 
3.1800000 0.0000 0.0000 0.8229 842.2226 9266.1518 7459.1125 3753.5213 1182.4778 233.7834 29.1052 2.2915 0.1147 0.0037 0.0001 
3.2400000 0.0000 0.0000 0.8001 842.2713 9179.9756 7419.5242 3781.3803 1216.9371 247.8769 32.0587 2.6433 0.1396 0.0047 0.0001 
3.3000000 0.0000 0.0000 0.7784 842.3186 9096.1599 7380.3305 3807.7817 1250.8874 262.2211 35.1835 3.0331 0.1688 0.0061 0.0001 
3.3600000 0.0000 0.0000 0.7577 842.3647 9014.5988 7341.5397 3832.7933 1284.3181 276.7977 38.4800 3.4631 0.2026 0.0077 0.0002 
3.4200000 0.0000 0.0000 0.7378 842.4096 8935.1930 7303.1581 3856.4796 1317.2204 291.5885 41.9483 3.9354 0.2418 0.0098 0.0003 
3.4800000 0.0000 0.0000 0.7188 842.4533 8857.8493 7265.1906 3878.9019 1349.5876 306.5760 45.5877 4.4520 0.2867 0.0122 0.0003 
3.5400000 0.0000 0.0000 0.7006 842.4959 8782.4799 7227.6406 3900.1186 1381.4147 321.7431 49.3976 5.0150 0.3379 0.0152 0.0005 
3.6000000 0.0000 0.0000 0.6832 842.5374 8709.0022 7190.5102 3920.1849 1412.6980 337.0732 53.3767 5.6263 0.3962 0.0187 0.0006 
3.6600000 0.0000 0.0000 0.6665 842.5779 8637.3384 7153.8005 3939.1538 1443.4355 352.5502 57.5236 6.2879 0.4620 0.0229 0.0008 
3.7200000 0.0000 0.0000 0.6504 842.6174 8567.4151 7117.5116 3957.0752 1473.6263 368.1587 61.8364 7.0015 0.5361 0.0279 0.0010 
3.7800000 0.0000 0.0000 0.6350 842.6559 8499.1630 7081.6430 3973.9968 1503.2705 383.8836 66.3130 7.7688 0.6192 0.0337 0.0013 
3.8400000 0.0000 0.0000 0.6202 842.6936 8432.5164 7046.1931 3989.9640 1532.3695 399.7105 70.9511 8.5916 0.7118 0.0405 0.0016 
3.9000000 0.0000 0.0000 0.6059 842.7303 8367.4136 7011.1600 4005.0199 1560.9253 415.6256 75.7480 9.4713 0.8148 0.0484 0.0020 
3.9600000 0.0000 0.0000 0.5922 842.7663 8303.7956 6976.5412 4019.2053 1588.9410 431.6156 80.7010 10.4095 0.9288 0.0575 0.0025 
4.0200000 0.0000 0.0000 0.5790 842.8014 8241.6070 6942.3335 4032.5595 1616.4202 447.6678 85.8070 11.4075 1.0546 0.0680 0.0031 
4.0800000 0.0000 0.0000 0.5663 842.8358 8180.7950 6908.5336 4045.1193 1643.3671 463.7701 91.0628 12.4665 1.1929 0.0800 0.0038 
4.1400000 0.0000 0.0000 0.5540 842.8694 8121.3096 6875.1377 4056.9202 1669.7867 479.9107 96.4652 13.5878 1.3444 0.0937 0.0046 
4.2000000 0.0000 0.0000 0.5422 842.9023 8063.1033 6842.1419 4067.9957 1695.6842 496.0787 102.0105 14.7724 1.5099 0.1092 0.0056 
4.2600000 0.0000 0.0000 0.5308 842.9345 8006.1307 6809.5416 4078.3779 1721.0655 512.2636 107.6953 16.0212 1.6902 0.1268 0.0068 
4.3200000 0.0000 0.0000 0.5198 842.9660 7950.3490 6777.3326 4088.0972 1745.9366 528.4552 113.5157 17.3352 1.8860 0.1465 0.0081 
4.3800000 0.0001 0.0000 0.5091 842.9968 7895.7173 6745.5100 4097.1825 1770.3040 544.6441 119.4681 18.7151 2.0980 0.1687 0.0097 
4.4400000 0.0001 0.0000 0.4988 843.0271 7842.1965 6714.0691 4105.6616 1794.1745 560.8212 125.5485 20.1616 2.3271 0.1935 0.0116 
4.5000000 0.0001 0.0000 0.4889 843.0567 7789.7495 6683.0049 4113.5607 1817.5550 576.9780 131.7531 21.6753 2.5738 0.2211 0.0137 
4.5600000 0.0001 0.0000 0.4793 843.0857 7738.3409 6652.3124 4120.9050 1840.4526 593.1064 138.0778 23.2565 2.8391 0.2517 0.0162 
4.6200000 0.0001 0.0000 0.4700 843.1142 7687.9369 6621.9865 4127.7183 1862.8746 609.1987 144.5188 24.9058 3.1235 0.2856 0.0191 
4.6800000 0.0001 0.0000 0.4610 843.1421 7638.5051 6592.0221 4134.0234 1884.8286 625.2477 151.0718 26.6235 3.4278 0.3231 0.0223 
4.7400000 0.0002 0.0000 0.4522 843.1695 7590.0148 6562.4139 4139.8422 1906.3219 641.2466 157.7331 28.4097 3.7528 0.3642 0.0260 
4.8000000 0.0002 0.0001 0.4438 843.1964 7542.4363 6533.1569 4145.1953 1927.3623 657.1891 164.4984 30.2645 4.0990 0.4094 0.0302 
4.8600000 0.0002 0.0001 0.4356 843.2228 7495.7415 6504.2458 4150.1026 1947.9573 673.0689 171.3638 32.1880 4.4672 0.4589 0.0349 
4.9200000 0.0003 0.0001 0.4277 843.2487 7449.9034 6475.6754 4154.5829 1968.1147 688.8806 178.3254 34.1802 4.8579 0.5128 0.0402 
4.9800000 0.0003 0.0001 0.4200 843.2741 7404.8961 6447.4405 4158.6542 1987.8421 704.6188 185.3790 36.2409 5.2720 0.5716 0.0461 
5.0400000 0.0004 0.0001 0.4125 843.2991 7360.6947 6419.5360 4162.3338 2007.1473 720.2786 192.5208 38.3700 5.7099 0.6354 0.0528 
5.1000000 0.0004 0.0001 0.4052 843.3236 7317.2755 6391.9568 4165.6381 2026.0379 735.8552 199.7468 40.5672 6.1722 0.7046 0.0603 
5.1600000 0.0005 0.0002 0.3982 843.3477 7274.6157 6364.6979 4168.5829 2044.5216 751.3444 207.0532 42.8321 6.6595 0.7794 0.0685 
5.2200000 0.0005 0.0002 0.3913 843.3714 7232.6935 6337.7541 4171.1831 2062.6059 766.7422 214.4362 45.1644 7.1725 0.8600 0.0777 
5.2800000 0.0006 0.0002 0.3847 843.3947 7191.4878 6311.1205 4173.4530 2080.2984 782.0447 221.8920 47.5636 7.7115 0.9469 0.0879 
5.3400000 0.0007 0.0003 0.3782 843.4176 7150.9784 6284.7922 4175.4065 2097.6066 797.2486 229.4168 50.0293 8.2772 1.0403 0.0991 
5.4000000 0.0008 0.0003 0.3719 843.4401 7111.1459 6258.7643 4177.0565 2114.5378 812.3505 237.0071 52.5607 8.8699 1.1405 0.1114 
5.4600000 0.0009 0.0004 0.3658 843.4622 7071.9718 6233.0321 4178.4157 2131.0995 827.3476 244.6592 55.1574 9.4902 1.2477 0.1250 
5.5200000 0.0011 0.0004 0.3599 843.4840 7033.4380 6207.5907 4179.4960 2147.2988 842.2370 252.3696 57.8187 10.1385 1.3623 0.1398 
5.5800000 0.0012 0.0005 0.3541 843.5054 6995.5273 6182.4355 4180.3090 2163.1428 857.0163 260.1348 60.5438 10.8152 1.4845 0.1560 
5.6400000 0.0014 0.0006 0.3485 843.5265 6958.2231 6157.5620 4180.8655 2178.6387 871.6831 267.9514 63.3319 11.5206 1.6147 0.1737 
5.7000000 0.0015 0.0007 0.3430 843.5472 6921.5094 6132.9654 4181.1762 2193.7934 886.2353 275.8162 66.1823 12.2552 1.7531 0.1929 
5.7600000 0.0017 0.0008 0.3376 843.5676 6885.3707 6108.6415 4181.2511 2208.6138 900.6711 283.7258 69.0942 13.0193 1.9001 0.2138 
5.8200000 0.0019 0.0009 0.3324 843.5877 6849.7923 6084.5858 4181.0998 2223.1065 914.9886 291.6772 72.0667 13.8132 2.0559 0.2364 
5.8800000 0.0022 0.0010 0.3273 843.6075 6814.7597 6060.7940 4180.7316 2237.2783 929.1864 299.6671 75.0989 14.6371 2.2209 0.2609 
5.9400000 0.0024 0.0011 0.3224 843.6270 6780.2593 6037.2618 4180.1553 2251.1356 943.2630 307.6925 78.1898 15.4914 2.3952 0.2873 
